0.6193304
0.2492673
0.2122799
-0.8227258
0.4614738
0.8045475
0.6435445
0.2150643
-0.3980399
1.327602
-0.636201
-0.03707255
0.6819375
0.1115344
0.9616645
-1.078993
0.3602661
-0.31252
-0.6713372
1.406345
0.4397362
-0.1612003
-0.4223358
0.5813485
0.206799
-0.2661796
0.08365425
0.8242625
0.7645749
-0.5456376
0.9730777
-0.1772416
-0.2682149
1.329028
1.308493
-1.882481
0.779462
-0.6768362
-0.4257572
0.5829451
0.5212049
-0.8799547
0.8631832
-1.076559
0.3023801
0.1684208
-0.4754549
1.113525
-0.7069302
0.4559024
0.8424076
0.5857655
-0.4753838
0.7700542
-0.09769908
-0.5759314
0.2742344
0.6695558
-0.6177942
0.2081827
-0.09694746
0.2349999
0.2736041
0.6031318
0.4745939
0.4997831
-0.2981019
0.698897
-0.7709712
0.9270046
-0.3555359
1.50409
-0.5914412
0.02186043
0.7766815
-0.6267751
-0.09255553
-0.1341434
0.4284594
0.2111641
-0.1355808
0.7458241
0.1608774
0.2759843
0.2126353
-0.1007748
0.7494606
0.07813832
0.1061159
-0.5515758
-0.2839889
-0.1467891
1.316603
-0.2746428
0.4210526
-0.2167969
0.1378511
0.7683597
-0.3960821
0.06780858
-0.6595841
0.6779547
0.05819013
-0.174073
0.6304749
0.308159
-0.2904807
0.1159041
-0.3052817
0.4475304
0.4496863
-0.1710434
-0.4159289
1.383041
-0.7490514
0.7060007
-0.2256216
-0.2269519
0.42577
0.2035157
-0.0490599
-0.03833211
0.2860434
-0.123656
0.3789265
0.3423537
0.2746878
0.07186032
0.6967938
0.1758104
-0.5144766
-0.07448591
0.314496
0.4774049
0.2051285
0.1859762
-0.1458545
0.2603902
-0.1849471
0.457374
0.5904091
0.5007197
-0.1898713
0.365542
0.2096003
0.08258121
0.5005356
-0.2281728
0.5461817
0.0729257
0.1226833
-0.02735561
0.09320742
0.4952334
-0.05230375
0.1664013
0.151651
0.2282582
0.3537269
0.7949641
-0.4007991
0.7182711
0.3713739
-0.5513502
0.7641358
-0.1548946
0.2923604
0.08377948
0.2175706
0.1150537
0.1871276
1.169575
-0.3974908
0.04501258
0.1627833
0.4491764
-0.06333751
0.1863473
-0.6397598
0.2074197
0.2964931
-0.5601759
0.5433523
0.0139758
-0.1949716
0.1347083
0.1524306
0.4225598
0.1739798
0.6590572
-0.2595369
0.5202466
0.09501266
0.0582974
0.06174004
0.09805553
-0.3443612
0.346808
0.0691745
0.3949954
-0.03035084
0.4195339
-0.0370737
-0.3892644
0.7459219
0.4967199
-0.3217273
0.2009166
0.2169941
0.4241928
0.5754274
0.03224161
0.1831591
0.1209408
0.8580804
-0.1430966
-0.01992727
0.360377
0.7735482
-0.3947457
0.7974314
-0.2780788
0.03904596
0.3450752
0.05413191
0.2461588
0.05123081
-0.2941354
0.6175604
0.0005481672
0.5763698
-0.2717624
0.7537065
-0.2901484
-0.06982225
0.2012035
0.2518383
-0.08828017
0.0999008
0.333028
0.1799976
0.1681447
-0.08270012
0.2538584
0.2723831
0.04461506
1.153283
-0.1146027
0.1754227
0.5347401
-0.01616114
-0.00965701
0.2119319
0.0760965
0.0155359
0.2714283
0.1273126
0.2001619
0.6326087
-0.155462
0.2168561
-0.02562758
-0.09703628
0.4731622
0.1070463
0.3873158
0.2380268
0.0793921
-0.1112454
0.4994589
0.1443666
0.08969776
0.2173156
0.3718108
0.1329986
0.1642605
0.149954
0.1901146
0.1820124
0.102038
0.2336317
0.2527613
0.5061804
-0.137391
0.1463847
0.1952869
1.032474
0.3559277
-0.2447808
0.2722125
0.3470198
0.008374465
0.2727091
0.2899857
0.2621535
0.2515728
0.196536
0.01851209
0.1365672
0.2807442
0.6339357
0.04521487
0.08942627
0.1281222
0.06957486
0.2576228
-0.07517452
0.2245196
0.01887997
0.2243599
0.376053
0.3033244
0.04005729
0.3404307
0.1690817
0.3372262
1.21579
-0.3036019
0.0601976
0.1311865
0.2363306
1.257566
0.08053725
-0.4392198
0.9858955
-0.5262959
1.61704
-1.100023
0.7212799
-0.213752
-0.4416255
0.4053922
0.8529105
-0.4220443
0.3606168
0.9201525
-0.5731134
0.9556087
0.540867
-0.3372674
0.2671574
-0.2555421
0.5411777
0.4524152
-0.07346407
0.7119186
-0.09320476
0.3063945
0.02209642
-0.4677845
-0.1868161
0.7199307
-0.7081785
0.8601279
-0.4010358
0.3643308
0.3224792
0.6466349
-0.08230565
0.8364916
-0.9606617
0.7995398
-0.1003432
0.98924
-0.6658526
0.06076368
-0.02650096
-0.1755526
-0.1301622
-0.001054907
0.5388484
0.2029037
0.2382775
1.056138
-0.3506947
0.1297565
0.3844679
-0.09659883
0.446914
-0.06776931
0.001712186
0.3853039
-0.04268833
0.666035
-0.1204454
0.1825643
0.2028452
0.1730625
0.3378325
0.204497
0.06887075
-0.01056043
-0.1122369
0.2923796
0.2846113
-0.07171599
0.226914
0.4712956
-0.01645761
0.1904476
0.47922
0.1317967
-0.1918396
0.2784913
0.162726
0.3147991
-0.09848868
0.3015746
0.2643971
0.2339661
0.1945362
0.2696868
-0.350831
0.3898495
-0.1211309
0.2339146
0.061113
0.003530837
1.29962
-0.4593502
0.1766499
0.1799351
0.3376854
0.0468576
0.313085
0.2411268
0.4444049
-0.2151382
0.2231834
0.1580392
0.336653
-0.2907726
0.1615689
0.4956963
0.03277719
0.1215423
0.3134271
-0.09616281
0.1323805
0.02984177
0.4208512
-0.2129047
0.2886078
0.3056722
0.09825518
0.3081269
0.2283557
0.3632559
0.08354599
0.02888845
0.08470201
0.1841207
0.1230232
0.1223337
0.4757994
-0.2497021
0.7372538
0.1317402
-0.1405088
0.2951053
-0.1464043
0.139935
0.4886838
0.01871555
0.5884739
-0.1271993
0.2151012
0.09893848
0.4847913
-0.1880436
0.257471
0.1280254
0.1184592
0.1976401
0.1895776
0.05478738
-0.03686163
0.3633932
0.5944317
-0.2696015
0.1554267
0.3040246
0.07380867
0.3639718
0.1032348
-0.06595294
0.04216133
-0.05806699
0.2559671
0.1442782
0.5158405
-0.1465825
-0.04978055
0.1873596
-0.5733826
0.9030127
-0.846642
0.02511846
0.01689475
0.6713961
0.4884423
0.1688887
-0.8365997
0.6401781
0.1708884
0.4733226
-0.5443727
0.1270246
0.1293523
-0.3081949
0.3845516
0.2059317
0.2115145
0.9056314
-0.5858799
0.1917414
0.05630652
1.20712
0.4218831
-0.4019786
0.04539795
0.1244543
0.3314547
0.5245542
-0.4596075
0.4056817
-0.07693587
0.2708263
-0.1758696
0.008955398
0.5351068
-0.167982
0.4520524
-0.1044915
0.03927728
-0.05734369
0.01396141
0.02398876
0.04686376
-0.2524994
0.02830157
1.797452
-1.574345
0.5660802
1.171207
-0.1591809
-0.3594391
-0.5931132
1.250244
0.07331523
-0.02613386
0.0277984
-0.2429785
0.2182459
0.7555551
0.5532975
-0.452535
0.5876186
1.136527
-1.004736
1.733574
-0.7387275
-0.6754363
0.5109694
0.08588477
0.3364324
0.3958929
0.4881406
0.01209899
0.1292433
0.1492674
0.7260658
-0.09723353
0.2163946
0.09540134
-0.2961075
0.08814162
0.1491031
-0.006550686
0.1491445
-0.451173
0.8827754
-0.3735245
0.197249
0.280949
0.9556533
-2.481237
-1.131651
0.5340974
0.6594854
-0.4491434
0.1139889
0.3153241
0.1426404
-0.2058689
0.4844553
0.5866588
-0.1041625
-0.08359874
0.488333
0.1391511
0.04444077
0.3851624
0.5987109
0.1241057
0.01015314
0.1847863
0.09671197
-0.1662908
0.1733676
0.3105938
0.2154295
0.5141827
-0.1460749
0.2947135
0.2699678
0.3344016
-0.003193218
-0.04924407
0.2927046
0.1731417
0.1820427
0.288175
0.1408554
0.128771
0.09165379
0.320821
0.323336
0.05830722
0.5252758
0.8471592
-0.3648167
0.5343559
-0.1234764
0.1795969
0.3157195
-0.2455676
0.3110548
0.06853555
0.3705267
0.2143819
0.07530418
0.5192567
-0.4108326
0.2386295
-0.1177902
0.3143473
0.7783538
-0.01790307
0.1468782
0.02021295
0.437144
0.2459756
-0.005598079
0.3270071
0.1845274
-0.132726
0.3218048
0.4050715
0.6316063
-0.1069167
-0.8185918
0.8263707
-0.07352317
0.714871
-0.2228391
0.4358214
0.1315168
-0.0854458
0.1874512
0.2857843
0.09176658
0.2262263
0.1619085
0.2917744
0.633606
-0.08274715
-0.004100083
0.6168061
-0.1009067
0.229855
0.3460732
0.3481818
0.03421552
0.1842977
0.6259034
0.001410551
-0.08369953
0.8990229
0.3574815
-0.1908294
0.8657241
-0.1529808
0.01709643
-0.1648452
0.3935915
-0.2142973
0.5105833
0.2231531
0.1907749
0.1421519
0.8659609
-0.2247501
0.03051285
0.3070161
0.1143186
0.5407767
0.04166146
0.1742459
0.1795924
0.1111592
0.4222566
-0.06764718
0.6987919
0.3400924
-0.8887932
0.6166866
0.03649871
0.2770166
-0.1587625
0.7507871
0.1491046
0.1675164
0.261759
0.08924382
0.1088358
0.1900327
0.3757532
0.1835335
0.1023766
0.5496193
-0.4148675
0.2930795
0.2541053
-0.3189368
-0.04392917
0.5834221
0.4317325
-0.4200515
0.5361074
-0.1197728
0.3897904
-0.1186188
0.3700274
0.327717
0.06009603
0.1955448
0.6984868
0.1094946
0.0524795
0.2691781
0.4611299
-0.0002640882
0.2566084
-0.175621
-0.0366908
-0.08397087
0.5126516
0.05318806
0.4092959
0.04869939
0.3365296
0.2712027
0.1272911
-0.2230482
0.1104113
0.1303171
0.1805691
0.00903013
0.5224675
-0.2621818
0.0334901
0.3724169
0.007800201
0.6106985
-0.1018161
0.4107551
-0.2287191
1.054329
-0.3752542
0.1270727
0.226483
0.005698128
0.5640685
0.4235786
0.4858706
-0.1526189
0.2854332
0.3676476
0.0882248
-0.1881727
0.4909961
0.06354986
0.08077082
0.3183669
0.5220885
0.9229468
-0.3422804
0.1304195
0.009986401
3.03563
-3.834675
0.8324674
-0.1804122
0.4397203
-0.36122
0.02283382
-0.7950188
0.7545446
0.1009542
0.8554784
-1.080162
0.07733234
0.4887019
-0.0008357386
0.928169
-0.09288069
0.78672
-0.6954094
0.2877864
-0.2946417
0.38417
0.3234274
-0.08504188
0.3342617
-0.3485539
0.627901
-0.1335472
0.3039605
0.7143549
-0.06868595
0.3591969
0.1046099
0.1425047
0.5739266
-0.4961242
0.4509629
-0.105201
0.427867
0.5917142
-0.04160484
-0.155678
-0.05337717
0.2391297
0.1176007
-0.01998492
0.1964998
0.2632598
-0.05577725
0.9767713
-0.1505474
0.05316351
0.6904546
0.1104618
0.03590652
0.1435003
-0.5641414
0.627341
0.4801218
0.4508753
0.08087498
-0.2639912
-0.2833747
-0.07338619
0.8548837
-0.05561276
-0.01095413
0.2391461
0.1117926
0.5061901
0.4720986
-0.2019121
0.2228971
0.7035236
-0.3470165
0.2937666
-0.1217276
-0.0552387
0.4798518
-0.1772902
0.456915
-0.3948242
1.155736
-0.2474635
0.09256291
0.4363292
0.04830698
0.142112
0.1748727
0.1963793
0.0963759
0.8045376
-0.260009
0.1358505
0.334641
0.1194545
0.1711486
0.2393022
0.2045853
0.2674675
0.1018165
0.2812151
0.02446033
0.3342298
0.5981602
0.0356775
0.2121551
0.286375
0.008997434
0.2411351
0.365964
-0.2454734
0.2604771
0.1423342
0.05357152
0.2595191
-0.03506164
0.3144733
-0.05197775
0.4644275
-0.016277
0.1933275
0.1500665
0.2388133
0.1526037
0.2166704
0.1339753
0.1462096
0.1412452
0.1835393
0.2462974
0.1042567
0.1163599
0.1328201
0.2399134
-0.03892821
0.2249386
-0.3565069
0.5985223
0.09648514
0.1949969
-0.0209442
-0.2139873
0.9811141
-0.218511
0.2162985
-0.1695001
0.2942319
0.3649281
-0.1020909
0.1865049
0.2811718
0.6622493
-0.1884736
-0.04186463
0.3149255
0.1061551
0.1202387
0.2577477
0.5493049
0.1203484
0.05691812
0.4394208
-0.02934042
0.3148132
0.3188838
0.4592824
-0.08923788
0.2632413
0.02752909
0.2465886
-0.08147269
0.3640843
-0.2059071
0.65295
1.21217
-0.7020408
0.3260821
-0.04058561
0.1832586
0.4935711
0.04117058
0.1131294
0.1617481
0.13209
0.3705595
-0.07994996
0.126986
0.09943398
0.1789358
0.1816265
0.09383222
0.3055601
0.5901044
-0.1602717
0.5246572
-0.3301292
0.2990998
0.1648468
0.1519023
0.449285
0.004629281
0.217468
0.398765
0.05016793
0.2337621
0.1170594
0.1539875
0.2802826
0.07578248
0.09490749
0.1376648
0.01329392
0.1491034
0.2364917
0.2978356
0.1544437
0.1164462
0.314574
0.1234893
0.1237907
0.07000929
0.07125798
-0.1750753
0.2150363
0.2938991
0.06091127
0.2966305
0.1392852
-0.1413515
0.5192593
-0.04666726
0.06661009
0.1278578
0.2473431
0.364341
-0.2978775
0.2052595
-0.4982666
0.4512295
0.7060231
-0.3935007
0.3513667
0.1106342
0.04125255
-0.1040868
0.2903847
0.3734693
0.154256
-0.03714047
-0.1566544
0.3383538
0.1774858
-0.2278539
0.2207571
0.3054255
0.1534119
-0.228447
0.5949383
0.6672477
-0.2057569
-0.1146585
0.03045561
-0.1130112
0.9303004
-0.3024729
0.1987517
0.6619834
-0.2557294
0.12595
0.3644908
0.6527331
-0.2160925
0.3926183
0.1806485
-0.2251887
0.2157179
0.1068556
0.02023408
-0.449766
0.1075724
0.1785033
-0.04695359
0.461742
0.5814665
-0.4853854
0.4764479
-0.1181616
0.006196737
-0.3486652
0.7066296
-0.1830972
-0.01751325
-0.1448545
0.3987149
0.06342279
-0.1969387
0.2386845
0.5515418
-0.6441968
-0.3558766
-0.08348684
0.2884683
0.2059757
0.6767546
0.09064542
0.3663609
-0.9939102
0.09454896
0.9079755
0.3098267
-0.2325075
-0.06806245
0.4913423
0.2618584
0.8000213
-1.130474
0.5410054
0.05179657
0.4538587
-0.1179414
0.8799964
-0.9697991
0.8531266
0.06955513
0.5500154
0.06965963
-0.3174839
-0.1407135
0.3511811
-0.3526155
0.3858479
0.2645387
-1.35374
0.5812748
0.5106315
-0.5823247
0.5205519
0.1664733
0.01778613
0.2910496
0.05548651
-0.3678895
0.4644653
-0.5502951
0.4295801
-0.06060534
0.7712941
0.8074
-0.3350192
0.8362819
-0.05710319
0.1462921
0.2101974
-0.7324807
0.6701751
-0.05012436
0.5947629
-0.1466785
0.134946
-0.1019983
0.0190912
-0.1045952
0.2878098
-0.09953799
0.3361588
-0.3450199
0.7802037
0.5841329
-0.4600643
-0.110938
0.6302263
0.01442488
0.2052361
0.2262523
0.7974122
-0.1510665
0.6764515
0.05699862
-0.6067057
0.2804156
0.2750716
-0.0635364
0.1036576
0.1769416
0.1786727
0.1640245
0.5865851
-0.2168401
-0.05749679
0.4598848
0.467173
-0.3598053
0.2649354
-0.01504802
0.1803113
0.3284145
-0.3918295
0.5262741
0.02157556
0.5097885
0.2421841
0.6489851
-0.02098007
-0.07661848
0.7287739
0.5062073
-0.07994602
0.3766886
0.6159027
-1.036112
0.2000231
0.270265
0.3665876
-0.6527361
0.3009835
0.468095
0.1045486
0.9112001
-0.8693498
0.5243026
-0.02467435
-0.0545947
0.3829356
0.71806
-0.2723157
1.862825
-0.5858685
-0.04250513
0.7732099
0.0524153
0.4192323
0.1609333
1.387528
-1.548372
1.246897
-0.3323818
0.8428416
-1.211564
0.5463438
0.02539178
0.4420617
0.9172498
0.1499438
-0.2938603
-0.1966179
0.4524728
-0.05106547
-0.1957595
0.9402502
0.4339603
-0.07299948
0.9128491
-0.3517474
-0.9349491
0.749224
-0.08741916
0.7562779
-0.8701253
0.147477
0.4334106
0.5672659
0.1336689
0.6847121
0.05010963
-0.07017859
1.299851
-0.6369834
-0.030981
-0.04377687
1.258508
-0.547998
-0.4387527
0.4185931
-0.05154308
0.5367187
0.4899138
-0.1314449
-0.05264264
0.1269987
0.7707325
-0.1605143
0.3377146
0.3322622
-0.2985767
0.4063799
-0.1166026
0.6828104
0.1181556
0.03194249
0.4981944
0.2253756
0.06420901
0.2180588
0.4546213
0.2921387
-0.5861733
0.2563689
-0.3099146
0.1861798
-0.06853447
0.6758285
-0.3716031
0.1812133
0.2780214
-0.3319861
0.4666314
0.6773062
0.198928
0.2834539
-0.3038515
-0.02477821
-0.2274708
-0.07432887
0.6112252
-0.3906688
0.3981421
0.1985667
0.4644429
-0.5797869
0.4303559
0.09631194
0.5474004
0.3587984
0.02815319
-0.3044079
-0.1758608
0.4174231
0.08227702
0.2532233
0.6040805
-0.2781562
0.7295338
-0.4720247
0.3609533
0.1753726
0.5612785
-0.01239005
-0.195036
0.2863559
0.08868136
0.1810177
-0.1403137
0.1083821
1.418629
-0.2879477
-0.008348373
0.5072083
-0.02073288
-0.01222921
0.5465251
-0.3472939
0.1310755
0.3003455
0.2590867
-0.0299538
0.4744939
0.8050169
0.3150373
-0.7317817
0.02198138
0.7263733
-0.01417731
0.07587358
0.5845568
0.3037949
-0.04292686
-0.2902886
-0.486057
0.5146563
0.0997722
-0.02574746
-0.1249523
-0.2781221
0.680959
0.1576051
-0.04818688
0.3080808
-0.3164446
0.6147737
-0.1650996
0.2640056
-0.4384569
0.4926532
0.0535795
0.242365
-0.1498309
0.1143615
0.8426408
0.2341524
-0.1200688
0.2221894
-0.05595646
0.7349965
0.277976
-0.2568225
-0.07974
0.249688
0.2515276
0.2956028
-0.2014759
0.29554
0.3739481
0.2193496
-0.005507927
-0.06344034
-0.1522726
0.5507765
0.5949815
-0.06876306
0.2546464
0.08778603
0.03781839
0.6435247
0.4349644
-0.125109
0.795277
-0.3449152
-0.1146846
0.4427274
0.5991336
-0.2654266
0.2575808
-0.1086509
1.210035
-0.4084106
-0.2376149
0.3939889
0.3767747
0.06490745
0.220302
0.7590608
0.5002588
-0.3279233
-0.03807225
0.3027932
0.2041753
0.7608865
0.1235517
-0.4622026
0.2114523
0.8798245
-0.5013018
0.1920529
0.5125263
0.4477605
-0.18811
0.3669696
0.008364158
-0.1073996
0.3500821
-0.2585939
0.329123
0.2354229
0.06690548
0.3200068
0.7853969
0.1826563
-0.04874943
