3.279691 3.187595 3.134417 3.070063 3.284214
3.204551 3.250799 3.15356 3.061554 2.972747
2.941357 2.957237 2.97102 2.894338 2.812334
2.734199 2.715591 2.64164 2.608746 2.62528
3.725792 3.805035 3.771036 3.668325 3.558801
3.450935 3.352208 3.273529 3.190523 3.101552
3.03179 2.948075 3.108115 3.022778 4.279226
4.140078 4.051661 4.034224 3.907415 3.786691
3.70578 3.664695 3.554755 3.447741 3.352401
3.495439 3.404037 3.863246 3.778062 3.658685
3.715091 3.742751 3.70937 3.647571 3.601468
3.55069 3.441231 3.472624 5.132213 5.068739
4.90756 4.829424 5.114946 4.942738 4.824627
4.678723 4.546516 4.947996 4.988319 4.860079
4.697708 4.59829 4.624235 4.475574 4.496108
4.348647 4.23586 4.107864 4.018904 3.897617
3.869411 3.763361 3.709406 3.598929 3.488262
3.658988 3.552018 3.445378 3.347409 3.366664
3.283737 3.195412 3.114011 3.023826 3.002454
3.221373 3.125429 3.121416 3.039532 2.974318
3.33074 3.236721 3.222382 3.20963 3.129949
3.039825 2.991346 2.98908 2.94415 2.86117
2.840825 2.81761 2.749581 2.674328 2.682136
2.981268 2.968636 2.907515 2.921137 2.926548
2.889119 2.807704 2.785989 3.025901 3.52095
3.459639 3.382907 3.45722 4.536629 4.421338
4.570754 4.423276 4.282558 4.204079 4.220607
4.239158 4.11742 4.245367 4.327131 4.269418
4.131231 4.069877 4.058664 3.947284 3.822555
3.71822 3.647633 3.547215 3.460518 3.963635
3.840721 4.064255 3.955215 3.880198 3.757038
3.638578 3.754852 3.639169 3.618271 3.510102
3.515509 3.480194 3.752648 5.496037 5.366242
5.204294 5.602366 5.413662 5.569641 5.781897
5.58483 5.395833 5.296012 5.312072 5.13639
4.971518 4.83765 4.698737 4.588816 4.447338
4.308105 4.265074 4.129867 3.996411 4.071177
3.939983 3.843879 3.98698 3.859309 3.737192
3.731387 3.808725 3.80789 3.885704 3.796316
3.6897 3.604467 3.526239 4.011535 4.091596
3.962259 3.83778 3.758296 3.655234 3.541955
3.740145 3.627594 4.125887 4.166533 4.031843
3.906415 3.805263 3.686765 3.587214 3.484325
3.388436 3.376571 3.294577 3.200664 3.191947
3.172737 3.197479 3.102348 3.052039 2.963537
2.883962 2.816042 2.753902 2.744134 2.67977
3.699327 3.586002 3.506764 3.401518 3.299523
3.207243 3.117351 3.410781 3.332281 3.299479
3.333878 3.280183 3.190474 3.097119 3.0172
2.936813 2.858845 2.792237 3.02938 3.000661
2.914499 4.036298 3.943574 3.823504 3.765789
4.433575 4.29114 4.209835 4.073148 3.961615
3.937748 3.812222 3.797222 3.737878 3.850945
3.729662 3.652294 3.545566 3.480099 3.378406
3.302755 3.212937 3.126462 3.040773 2.977167
2.990646 3.07981 2.99586 2.925249 2.905319
2.831729 2.752541 2.712067 2.643036 2.574142
2.52334 2.473134 2.41767 2.368865 2.345157
2.306483 2.274051 2.226361 2.17946 2.131187
2.143925 2.118633 2.308533 2.464852 2.463458
2.422707 2.379755 2.333152 2.287646 2.234251
2.228118 2.177086 2.472612 2.42354 2.411916
2.394446 3.473588 5.126693 5.563404 5.409103
5.249311 5.136449 4.977425 4.831971 4.685111
4.529541 4.380178 4.236846 4.156973 4.115975
4.038584 3.962167 3.835301 3.716952 3.602863
3.492027 3.40535 3.317379 3.439803 3.342773
3.243736 3.164186 3.084379 3.002162 2.919064
2.863713 2.840338 2.763913 2.688117 2.617079
2.552773 2.639567 2.570128 2.589549 2.766931
2.693167 2.621257 2.598467 2.623346 2.555038
2.488831 2.42703 2.366947 2.309293 2.256858
2.231204 2.20012 2.152522 2.106051 2.065541
