11.07163
4.726053
-1.603892
6.431972
1.422589
-4.651525
-9.637736
2.501958
2.170719
-10.49759
4.966425
3.893456
-5.937715
3.372096
-18.06852
-11.49379
10.18367
5.974947
7.398484
-10.7373
-5.669701
0.9983283
4.274039
0.3322881
-1.177916
2.617493
4.728826
-4.160227
-9.3269
-1.017339
-10.10004
-6.831517
4.269532
-4.802689
-10.94248
1.681707
6.064971
11.48896
-3.863397
-0.2636815
-2.971401
9.62778
-4.170684
8.982131
4.688231
-0.241949
6.557397
-3.950127
5.85009
3.135937
-6.579425
-2.13873
1.437846
-4.485052
-1.175665
5.203221
3.199162
1.500377
2.932183
-1.312696
3.351795
-2.031531
1.696985
-4.554396
-7.105136
-3.301559
-5.334148
0.8593687
6.829
-3.588328
1.377653
-7.104411
-1.952903
1.003055
-1.597597
-1.289969
5.500402
3.705976
2.180289
-1.667437
-2.137835
-0.1665058
1.866944
-5.586819
-2.064374
3.066646
-10.99221
-3.446137
4.301921
-5.310199
2.638346
5.401502
-6.616795
-0.4377618
-1.699834
5.414064
0.9661106
-3.572839
-0.0411944
1.243282
10.71026
1.827987
2.587944
2.223878
-4.304141
1.133801
2.254285
-1.229559
5.53338
-0.1653641
0.6433
1.723919
6.268558
-6.138108
1.86803
-1.843057
4.039259
-0.7165551
-1.513127
-2.583033
2.004932
5.137982
-0.4203922
2.294378
-2.677587
-3.024317
-0.6540016
1.711864
-1.670754
-6.141859
-0.658934
0.9350896
-0.9939366
0.736135
-2.398649
-1.442979
1.442115
0.4884695
2.69705
0.2225174
-4.098681
-5.377339
-0.1324278
-1.438854
0.7322192
-0.5771808
-2.086676
3.613369
-1.592854
2.09046
-0.6389656
0.8967182
1.029476
-1.868812
0.4871232
-1.209471
2.310407
-0.4971393
-0.8406033
-12.59053
-1.452091
-3.519994
-2.605794
5.146047
-3.454279
1.508669
0.1157724
3.748349
0.9179224
-1.826187
-1.010894
-9.482668
1.882974
-4.094367
9.569478
-2.899157
-2.12804
-3.143644
4.457649
2.697172
-0.8941027
3.525557
-1.387765
1.833257
-1.447826
-0.2370583
1.771066
0.4008491
0.2401047
-4.64798
0.7585271
-3.11601
0.4353555
1.035317
1.272421
4.995863
7.540371
1.722219
0.1319298
-0.5151614
-0.0936354
0.5565331
4.286908
6.259003
-2.856463
-0.8990105
1.520211
-1.160419
0.4661906
-2.036292
-3.321075
-0.9459047
0.3468498
-1.749396
-3.088798
0.4786846
-0.8334513
-0.2138039
-6.541115
2.759917
-4.682334
2.668809
1.17904
-0.1859593
-5.220971
6.297744
1.69447
0.6102676
-3.004183
1.662892
-1.697059
2.881946
1.848327
1.079552
-0.4972952
0.9631372
-0.9026098
2.439268
2.55328
-0.6074279
-1.663522
1.255339
3.3249
1.206462
-1.376581
1.269833
-5.854881
-4.322537
-0.9192925
-0.6590666
2.262858
0.1472129
-1.238001
-0.2743922
2.856125
0.06889484
0.7400575
-1.531951
-2.230997
1.844971
-0.4129816
1.567612
3.77204
-1.642988
0.8009549
-0.82583
-2.667623
1.119335
2.869351
-0.3329124
-1.584134
0.4720898
-0.05528316
-0.3469888
-0.3582149
1.640083
0.6154016
-1.067034
-0.1325976
1.151224
-0.6010333
-1.384244
-5.191982
1.619436
0.3234396
1.111466
16.63979
-1.741391
-1.535344
-1.023962
-1.830859
0.5764726
0.5089081
0.783382
-0.791453
0.49851
-0.1713059
0.6099575
-0.3796724
-0.3919028
-1.005321
0.01525886
-0.3555746
0.6147192
0.4515261
-0.0997989
0.9713185
-0.795098
0.6481551
1.113048
-1.163786
-0.7993457
0.8159711
-0.6074196
-0.1530904
-0.3735616
-9.935631
-2.941373
0.9268703
0.1360964
1.338614
-11.95898
-8.420015
1.636615
-2.144499
0.02126981
-9.203302
0.2256171
-3.827156
2.105396
11.02995
0.265145
-5.833002
3.710682
0.2583331
-5.647891
1.365868
-4.442026
-1.500828
-5.675307
2.168439
4.85953
-4.193613
-1.110677
3.398794
-3.487612
-2.417755
-1.690836
3.513588
6.355165
1.416568
3.849311
9.364273
-6.030543
0.8504312
0.4778793
5.139948
-8.409938
0.6225952
-3.023997
6.768164
-3.914542
0.854976
-2.973944
2.801701
0.1566404
-2.950028
2.546875
2.139038
3.668314
-0.9392218
-0.03156332
1.034904
-6.971178
-0.5454956
-0.6414887
-2.142215
4.192325
-1.059942
0.5909458
-1.161443
-1.617474
4.230128
-3.21307
-1.033413
0.1959181
0.542685
0.9704755
-0.4111389
1.527545
-2.519035
-3.360743
-0.6352369
1.979067
0.4719189
0.3519983
-0.01092383
-1.526276
0.3566964
0.5491838
-1.524604
0.1853246
7.810836
-0.8152761
-0.3496186
-1.935181
0.9681566
0.350518
-0.1936142
1.022078
0.4746875
1.019029
4.995982
0.8953865
0.05397976
-0.598233
0.2632699
2.844176
-5.00005
1.610157
-1.804787
-0.6108288
1.472869
1.237832
-1.020538
0.07988034
-1.843559
3.056439
-0.891224
0.8642306
-0.5347656
1.498608
-0.7576107
-1.576128
0.4529944
-0.2195655
0.06067604
2.067679
2.219019
-1.611032
0.2090922
1.001469
-0.9026831
-1.000818
0.660896
0.5080056
-0.2462822
-1.41136
0.1630841
2.305531
-0.1949956
2.376607
-0.8234043
-0.4967862
0.62933
18.83427
4.5316
-2.652955
0.3879889
1.373057
1.632083
-0.533679
-1.903015
5.077601
-5.077043
-0.8876426
0.7657043
1.550806
-1.77562
2.563118
0.4773527
1.334018
-0.4423754
0.6664161
-0.9918353
1.253147
3.461932
-0.8694968
-4.328461
2.480793
-1.373891
-0.2292853
0.7642212
2.088947
2.535199
1.821001
4.378909
-0.150057
-1.974301
-1.753234
3.759691
3.049332
0.588738
2.88742
11.46148
-2.319933
9.120715
0.6002465
0.4233773
-3.295751
-9.961051
3.226979
12.94646
-6.476424
1.304551
-1.041039
1.541973
1.965586
0.8341046
5.567153
0.9694217
-0.4998818
-0.9882895
-0.9404954
1.678319
-0.4797716
2.970961
-4.850484
-5.257985
1.458662
-1.607353
3.692937
-0.4291749
-2.91506
3.380232
-2.06293
3.384362
0.638156
4.071101
1.646867
4.732395
3.169524
-4.625828
1.20907
2.376261
5.813131
6.399926
1.830574
-2.006743
4.102226
13.16129
-13.08837
4.251689
-4.400472
-2.03857
-1.419255
-4.1769
10.90315
-2.276317
-0.641965
4.293033
-0.09223024
4.418233
2.796579
-1.341122
-5.898937
2.821234
-4.475689
-4.976495
4.750533
-9.431612
1.538579
3.976454
-1.45747
5.091417
-1.965423
-2.024991
-2.136099
-1.083055
3.272461
-1.84309
-0.98036
-1.203895
0.5372352
1.710131
3.530772
1.00048
1.968769
2.86745
-0.7046211
7.596378
-0.4342678
2.76992
-3.434239
-0.2487309
-1.324299
1.295573
-3.471027
-3.214624
-5.463847
-0.5065497
-0.8649889
1.312036
2.563813
4.183962
-2.162815
-4.937957
-0.3200887
3.287417
-2.554734
0.4907286
4.57656
-2.62533
-3.420346
-2.175425
0.9739228
0.1336339
1.690495
5.747355
1.987468
-0.540476
1.02726
-0.6250804
0.5622044
-1.877915
-1.373726
-1.215096
0.2897843
1.715806
-1.033615
0.9825833
0.1575831
-0.9579993
-0.1821804
0.2293213
-2.05158
0.3247626
0.06450285
0.3389926
-2.27638
-13.20484
0.934313
-3.930332
1.180406
1.140644
-1.564023
0.6835378
2.25457
0.4482531
-2.067519
-0.4845839
0.4781903
-1.967671
3.875448
-0.157234
3.903981
-1.099075
-0.5881434
0.8350534
-1.194106
-0.138883
-1.565562
-1.531964
0.7556372
-1.648947
1.024697
2.479353
-0.01563782
-0.8022769
-6.917508
-0.7227374
14.78702
15.4341
0.4015281
-3.786145
0.6186184
-4.210477
1.291771
0.5279754
0.7466369
-0.8332467
2.52233
-1.258537
0.6427504
-1.471278
-3.431587
1.044408
1.899079
-3.259776
0.3623304
-0.3210634
-0.9033767
-0.3759841
0.1039041
0.1296058
-3.56952
-0.7780976
0.5617392
-5.148684
-6.88851
0.7747096
-1.865363
2.099176
1.561367
2.473298
0.212841
4.390039
-2.939091
-2.624123
-1.204073
1.533853
3.112429
0.7584952
-0.690108
0.1787263
-0.1365281
-0.4682408
-1.11075
-0.7640407
-0.1586685
0.7464278
-2.030773
0.8486484
-2.991125
-2.170909
6.733589
-2.232631
0.6760585
-0.4699284
4.490606
-0.1125078
-0.3553479
-1.68209
2.066909
-1.026879
0.6136639
2.1512
-1.987685
-0.6378828
0.2829526
-2.842764
3.951547
-0.3878769
1.560585
3.803075
3.41957
0.4934361
-2.46044
2.057479
-0.4542014
1.671377
-1.182508
9.606738
-0.7289547
-0.8565098
3.360388
-0.2137776
-1.051257
-0.8652916
0.05269861
0.09621043
-2.613922
0.1166947
-0.7812021
2.641535
3.327851
4.081471
-0.7628524
1.649927
-1.925537
1.12995
-0.5859999
1.645784
-1.506187
3.562789
0.7544799
0.0298074
-0.06430147
2.239632
-2.280523
2.838777
1.438634
-0.5913195
-0.1087276
-3.435537
-0.2277329
-2.280872
4.332252
-4.356798
-0.008712728
1.119473
-0.4022428
2.927786
-3.047868
-2.154333
-4.281708
-0.1861883
-1.959061
0.6594615
1.096527
2.542763
-2.487137
0.5520276
4.185145
0.1319883
-1.715449
-6.835268
-2.487056
0.01388644
-1.221436
-36.74895
-4.268218
-3.583927
15.75758
-14.0072
8.149193
0.9070405
13.69378
4.023085
-1.096775
-2.588035
7.767091
1.411254
-0.2587119
0.004823857
-2.569739
-2.710223
-2.673272
9.601099
-1.276201
-0.6856779
6.678504
0.8794486
-0.03897469
-2.204425
7.264681
-0.9678566
1.97173
-2.488153
-4.386619
1.164978
2.717556
-3.875203
1.115971
-0.7231
4.788535
-1.216058
3.23756
-1.970236
-2.288339
0.5891189
2.541668
5.309289
-0.2309026
0.5170092
0.5019963
0.0839342
-0.2778575
15.10454
3.21681
1.942621
-1.729093
-0.2467892
-1.879846
2.072096
3.36308
6.048987
-2.234926
-0.2606213
-11.16032
1.078637
4.491392
3.512071
3.892728
-4.486614
1.843071
3.198582
-0.5528217
-0.9663585
-2.081117
-3.628265
1.513867
0.7403883
-2.594938
0.9982121
-1.424675
3.19616
2.505374
-1.293174
2.270831
-2.062212
7.520457
-6.76275
0.9836834
0.796011
-0.02581524
0.6542262
-1.101631
0.5500485
0.3942998
1.798507
-4.774862
2.100161
-1.016442
-1.263164
-1.384305
2.218046
-0.4781313
-0.4044097
0.1578282
0.1021863
0.3141709
4.26921
-1.051184
-2.654572
-1.4089
-0.4682578
-1.152098
1.529926
0.5077589
-0.5269124
1.29799
-1.737151
0.3812023
1.058448
-1.891141
3.024944
-0.4027809
1.658095
-1.9703
0.1430903
-0.4268061
0.8250622
-0.2001703
-0.4382418
-0.2104861
-0.5767551
0.1888335
0.4971548
0.1828808
-0.3940739
2.742637
0.1911925
0.6683483
-0.3157229
1.478268
3.074362
10.97618
-2.985371
2.08078
-1.437547
1.549496
3.12151
-5.358104
2.894541
-0.2055374
3.022807
-0.1501526
-1.042841
1.229141
-0.978373
2.13442
-3.527013
0.8209132
0.5908447
0.9169322
1.894964
-0.4993857
3.307374
-1.493037
-1.527276
0.5360777
-1.585493
0.4706324
-0.2472041
1.600219
-3.413818
1.308726
-0.9795257
1.356305
-0.20928
1.639668
-0.3843261
2.523343
-4.68782
-7.553026
2.033959
-3.535736
1.139577
-0.732026
-1.452469
2.491731
1.780094
-0.383517
0.04753252
0.2440105
2.705819
1.060502
1.086153
-1.097481
0.1784409
1.488108
-2.18627
-3.438253
1.470318
-2.246129
3.967448
-1.357616
1.118712
-0.1599523
0.8251805
0.7995068
-1.477029
-0.4941858
-0.730303
0.1629262
1.459898
0.6097309
-1.461079
0.6356522
1.425737
1.09184
3.289494
-0.03865434
0.5376643
-1.017108
0.3731467
0.5317095
-1.45201
0.5833785
1.004765
1.993492
1.437175
8.163864
0.3135495
-2.106345
1.212977
0.2945612
-0.0881632
3.806713
-2.965743
0.6042269
-0.1121124
2.934341
-0.1928086
-2.516117
2.064821
-0.1152786
9.988848
0.1836022
-4.187675
4.140037
-1.395936
-0.05680364
3.469212
1.548357
-0.7835466
-1.5649
0.4636886
5.008905
4.357852
1.433659
-0.2060433
3.463905
-0.4498761
-3.490094
1.363897
4.404562
-1.199339
-9.253789
-0.4606136
3.63902
2.45681
7.832421
-4.913922
1.46264
1.161268
-1.725674
1.784001
-0.2007276
-0.6496048
-2.019656
-0.9140387
-1.527221
-0.6035999
4.628716
2.278734
-0.3739612
0.349688
7.971672
8.408084
-0.9849328
1.708747
-0.2736888
-2.47376
2.582425
-2.069003
1.450811
3.156892
6.912032
3.857012
1.65994
-4.224376
5.877984
0.02155567
2.219601
10.89589
4.717898
-10.54534
3.643121
10.13843
8.61629
0.01990095
-0.4349658
-4.509697
-13.5722
2.690688
9.083957
5.055632
-5.805205
1.800124
-1.785766
1.687535
2.14644
-3.853267
-11.54037
3.053972
-1.590776
1.756357
5.66009
-2.910045
-7.68447
8.980518
9.986427
-1.613726
-5.013794
3.805634
5.21776
3.151746
-0.7985039
2.114995
5.120473
-2.842083
12.5915
1.048152
-1.091372
4.9457
-1.404635
0.4568081
4.00074
-4.037071
3.706498
5.378036
-1.864647
5.845448
-0.1269518
3.33963
-12.35775
-8.137679
7.324362
1.538449
-3.111985
0.4563351
-3.92977
7.614324
-2.080088
6.77936
-2.882171
-2.588086
-1.192137
5.905134
0.4170207
4.023395
2.575964
1.800824
-1.996024
6.476987
-0.866087
-3.238972
-1.904361
0.08483204
2.505655
2.372887
1.608622
-3.170327
-2.767267
1.322614
-0.5233355
-2.5599
3.348224
0.2944473
0.2339894
2.946843
1.714423
-0.801954
0.4977922
1.845533
-1.673076
0.2011591
-0.7708568
-0.5863008
-1.183205
2.46279
0.1024107
3.761216
-0.488519
0.2267135
4.061076
-1.661273
0.4005759
-2.717621
0.1863497
-10.12697
2.013565
1.682738
-2.195139
-0.6743577
-6.399333
-0.5324484
8.591112
5.878732
-2.16108
1.145053
-2.121756
5.714283
0.2539024
-1.103899
3.494159
-5.360934
4.967021
-2.538965
1.917794
2.092117
-2.737727
-2.368433
0.8532647
-6.457588
-1.819273
1.590686
-2.238628
-0.6104365
-8.098133
2.186714
-20.30557
13.33696
-5.443289
1.89182
-8.169947
12.9609
-1.673868
4.381127
-1.725838
-6.443049
-0.08956735
0.9257993
0.4810339
-0.1799861
3.425794
3.27334
-6.159769
-0.02069135
1.842464
-3.184822
-5.35583
7.496473
1.071402
2.089414
-4.494548
7.241062
3.961339
0.4976793
-2.814656
0.336716
-5.778953
-0.3777323
-2.807948
-6.901617
-0.1254118
5.036587
2.161734
-4.723586
0.05478317
4.798055
0.6888319
4.665094
-3.588921
-3.783145
0.916869
2.615685
2.758648
-4.350622
2.829162
0.2409864
-4.856321
1.177667
0.07367901
2.434322
-2.613608
-1.134203
-1.400217
-1.673471
0.477991
1.052413
0.8528961
-3.13368
-2.912638
6.976993
-0.7673726
2.085519
1.720604
2.06239
13.10753
1.843081
-0.3716855
0.8574748
1.408013
-0.1471486
0.9117835
-1.010642
-2.282482
1.919981
-0.8396642
4.885872
4.483875
0.0470274
3.166036
-1.684687
2.706376
-1.917625
4.608781
-2.75777
-0.8039334
1.20671
0.1445493
0.08104783
0.9950567
3.486413
-0.273275
0.5075761
2.096345
-2.006373
0.9332762
-3.594545
3.23839
-0.8177915
0.2489479
-2.0266
1.599382
1.336872
1.671359
1.108361
-0.8993897
2.106653
0.5949746
-11.22979
0.5859241
3.749806
-1.872972
1.469618
0.6807598
-3.092717
3.734141
1.66702
-0.6112767
-0.4146223
2.209587
-2.144491
-7.614868
-4.106714
5.234102
0.7029293
-5.602932
0.5258407
0.9218969
1.809345
-0.7903887
0.9149425
3.216924
6.127675
-0.9796649
2.188686
-0.1073721
4.074536
5.277528
-2.004
3.672491
0.5852275
-0.3069972
3.167821
-4.775389
1.388767
2.38892
7.256596
-1.906468
-0.9904348
0.6772012
3.597441
2.757281
-7.615107
1.920351
1.630227
-1.956779
4.387998
-2.846398
-1.178713
3.373633
0.7620173
-2.260711
-0.7983262
0.4755111
4.052233
-2.878494
-1.321743
2.392678
-0.7696473
1.661905
6.285012
-0.01250585
-1.514081
-0.2560242
-2.119375
0.7514847
1.038352
-0.6087833
-5.368706
-0.6953731
-2.487884
-0.1471051
1.903708
0.3930309
-2.120821
0.8868607
-1.843482
3.739978
-6.079248
1.913558
0.9049179
1.991798
0.3731721
1.60477
-2.349456
-4.287648
-14.34535
5.159082
4.675854
3.636422
-0.7281736
-3.34645
3.702077
1.083647
-0.6311359
-5.26175
2.996023
-0.589929
0.1495825
-0.610538
0.3432721
1.140643
-0.9994405
2.908685
0.4090476
2.794649
0.367153
-0.3398058
-0.4671593
1.661482
-4.815994
-1.451273
1.006417
-0.5363328
1.76921
