4.047865
4.716489
4.664973
4.511696
5.339621
5.187253
5.22206
5.484267
5.400754
5.273745
5.810611
5.676009
5.541316
5.472261
5.286525
6.867943
6.662686
6.432483
6.289739
6.798019
6.951361
6.966973
6.724949
6.638959
6.42782
6.211291
6.06553
5.916775
5.862639
6.302181
6.085449
6.512018
6.349637
6.208153
6.446906
7.739294
7.902817
7.627626
7.687197
7.593045
7.334049
7.247255
7.471546
7.273865
7.603755
7.52908
7.282436
7.422074
7.308999
7.279708
7.028572
7.01357
6.982499
6.774237
6.646068
6.426702
6.518375
6.340208
6.155907
6.124612
5.923198
5.8062
5.608861
5.422329
5.484775
5.694519
5.784242
5.597447
5.555962
5.789099
5.67325
5.480361
5.954979
5.750262
5.553733
5.522409
5.438686
5.429552
5.344975
5.163798
5.020762
4.879243
4.841622
4.693236
4.648701
4.653637
4.517219
5.157772
5.111614
4.942924
4.797106
4.719761
4.776599
5.061574
4.900163
4.784856
4.752215
4.627045
4.567591
4.41895
4.292222
5.639302
5.447765
5.275155
5.230963
5.128573
4.999756
4.911699
4.761619
4.990666
4.829422
4.684375
4.54369
4.901276
5.122939
5.054129
4.969319
4.942517
4.781749
4.646907
4.527596
4.399764
4.505775
4.35725
4.226287
4.128589
4.071802
3.984857
3.867797
3.836127
4.136748
4.002992
3.928364
3.802987
3.73581
3.649745
3.664496
3.590019
3.478384
3.496743
3.406507
3.562399
3.828679
3.708752
3.617536
3.539289
3.429964
3.438493
3.577909
3.473131
3.380279
3.278685
3.208177
3.121382
3.118575
3.049946
2.964665
2.880472
2.81003
2.769246
3.679219
3.567748
3.67148
3.722226
3.867613
3.85949
3.74877
3.635234
3.685038
3.573036
3.46245
3.361509
4.158741
4.03275
3.903444
3.799611
3.752081
3.637834
3.717076
3.905574
3.884305
3.763123
3.803233
3.700557
3.593681
3.490356
3.39086
3.348933
3.253237
3.162196
3.386954
3.29148
3.243021
3.152231
3.060139
2.998005
3.345741
4.080785
3.966157
3.853016
3.762426
3.648988
3.535358
3.614317
4.271842
4.171064
4.115253
4.053421
3.926514
3.801778
3.687555
3.842201
3.761605
3.655588
3.569579
3.765482
3.647343
3.551882
3.548331
3.859259
3.855505
4.021265
3.897097
3.787781
3.677042
3.574943
3.476276
3.374111
3.46727
3.434942
3.342253
3.360504
3.370342
3.295876
3.258893
3.233201
3.144302
3.054894
3.071239
3.060024
2.974181
2.897114
2.815751
2.825077
2.775732
2.702486
2.648327
3.445001
3.46257
3.401395
3.419733
3.318306
3.228095
3.132481
3.04301
3.024047
2.936495
2.854886
2.775707
2.885377
2.816201
2.747455
2.704967
2.864122
2.786042
2.710124
2.683749
2.682668
2.610185
2.704983
2.637518
2.574712
2.508043
2.44557
2.408789
2.354632
2.317696
2.270213
2.220455
2.169832
2.126049
2.086173
2.047981
2.44447
2.383002
2.325684
2.274215
2.510856
2.458812
2.458704
2.412577
2.370766
2.318779
2.271446
2.220019
2.171867
2.126939
2.084195
2.046008
2.013724
1.983767
2.005733
1.965959
1.932057
1.905699
1.871754
1.839797
1.840373
1.812542
1.803733
1.79029
1.797327
1.801315
1.77286
1.750108
1.725209
1.757026
3.044119
3.001241
2.917501
2.836195
2.757207
4.459754
4.818339
4.668532
4.786481
4.654889
5.400439
5.265455
5.23125
5.055319
5.571389
5.39121
5.436327
5.331019
5.152479
5.32502
5.248419
5.411297
5.519427
5.369281
5.192066
5.130201
4.981041
4.902727
4.770032
4.7405
4.589872
4.497422
4.391245
4.618007
4.671547
4.51655
5.26708
5.178932
5.049483
4.882099
4.724753
4.811203
4.651716
4.739576
5.298452
5.136823
4.979425
5.069889
5.164834
5.044059
5.116446
4.944007
4.822136
4.775228
4.61607
4.475588
4.328412
4.892438
4.734947
4.577417
4.507959
4.444703
4.312043
4.175287
4.045778
3.933835
3.858783
3.876123
3.753655
3.639417
3.529616
3.421536
3.31749
3.219165
3.132751
3.134058
3.061249
2.978551
2.900347
2.833814
2.771661
2.715201
2.642981
2.572443
2.545183
2.482816
3.167134
3.076201
3.014835
3.00056
2.915307
2.832504
2.77778
2.702116
2.629346
2.589797
3.021185
2.951809
2.886809
2.805196
2.729008
2.877002
3.522028
3.413397
3.310165
3.21023
3.114978
3.028531
2.972534
2.890093
2.864524
2.916778
2.834564
2.755213
2.680432
2.659977
2.599584
2.601566
2.538218
2.472317
2.426475
2.439993
2.442004
2.385991
2.343035
2.333571
2.283809
2.288011
2.234029
2.186297
2.141626
2.13046
2.084269
2.143804
2.097611
2.110346
2.066778
2.02487
2.007411
5.012809
4.887554
4.728088
4.624978
4.476431
4.375931
4.254605
4.169663
4.102484
4.160681
4.026134
3.897546
3.784955
3.701296
3.654222
3.542716
3.442762
3.338588
3.237472
3.147839
3.098413
3.121766
3.049932
3.177935
3.124163
3.039043
2.951048
2.868303
2.813075
2.746119
2.921449
3.00417
3.034882
2.947769
2.864164
2.795668
2.845341
2.87903
2.86922
4.462822
4.34387
5.224491
5.104367
4.984215
4.906278
5.042801
4.906069
5.86427
5.680472
5.492696
5.416242
5.279622
5.116067
4.946543
5.346311
5.169369
4.998493
4.835784
4.828423
4.732739
4.575212
4.455364
4.680929
4.760952
4.604761
4.452727
4.348145
4.215462
4.184678
4.221221
4.093105
4.063686
3.939948
4.05052
3.978242
3.864967
3.898166
3.821149
3.724853
3.687597
4.080659
4.235196
4.128012
4.011184
4.253098
4.982747
5.732366
6.04629
5.904599
6.206448
6.033189
5.847072
6.276457
6.259696
6.068855
5.887841
5.700632
5.845829
5.692709
5.572759
5.653034
5.526389
5.411736
5.911029
5.903092
6.552918
6.336253
6.682112
6.451673
6.24883
6.045355
5.878208
5.821245
5.635243
5.448518
5.266247
5.179273
5.004522
4.838381
4.679511
4.73883
4.663356
4.524607
4.437714
4.30276
4.715021
4.602548
4.577703
4.427472
4.294087
4.335285
4.212472
4.0901
4.135784
4.526401
4.404858
4.261284
4.135406
4.005653
4.191052
4.065618
4.224264
4.095423
4.029743
3.945041
3.820092
3.744822
3.655265
3.747281
3.703265
3.591832
3.480179
3.39131
3.73798
3.702231
3.587698
3.476545
3.437205
3.348004
3.250282
3.165106
3.121764
3.030825
3.020474
2.937713
2.854567
2.776818
2.704215
2.639601
2.571825
2.512794
2.457387
2.447796
2.386591
2.479133
4.010387
3.916122
3.9676
3.847799
3.726378
3.64511
3.610079
3.497682
3.394366
3.318119
3.237504
3.141322
3.177896
3.257969
3.160288
3.331777
3.231059
3.2696
3.171431
3.078394
2.99312
2.964401
2.943093
2.865399
2.813787
2.735906
2.810277
2.732165
2.724045
3.220785
3.144324
5.480768
5.719573
5.603847
5.481951
5.315508
5.183353
5.010226
4.847066
4.686787
4.53974
4.418457
4.279304
4.139709
4.024472
4.107363
3.97466
3.908136
3.879884
3.759466
3.642695
3.560818
3.49763
3.389862
3.286562
3.335772
3.246384
3.153443
3.383753
3.556412
3.44618
3.642264
3.591248
3.484739
3.624103
3.519059
3.593328
3.5362
3.476296
3.396665
3.29385
3.216207
3.188902
3.146139
3.056937
2.967931
2.947094
2.897657
2.81984
2.74115
2.667802
2.686045
2.623979
2.711659
2.857812
3.815269
3.70692
3.591112
3.487067
3.646716
3.578648
3.479932
3.382057
3.279348
3.183965
3.095999
3.016314
2.975963
2.905143
2.822771
2.881687
3.14097
3.0498
2.961007
3.228559
3.45912
3.362204
3.359205
3.481689
3.410226
3.340365
3.247896
3.905895
3.785347
3.680176
3.605717
3.493436
3.447207
3.351861
3.258732
3.165363
3.190822
3.095968
3.020872
3.048088
3.118465
3.382187
3.283273
3.233915
3.166017
3.072296
2.987163
2.905457
2.839699
3.006431
2.963189
2.880357
2.806515
2.816749
2.835731
2.917587
2.851614
2.783708
2.719506
2.864632
2.785251
2.769343
2.966848
3.196649
3.104368
3.020006
2.934003
2.969467
2.980789
3.061593
3.351619
3.250147
3.17675
3.132613
3.040986
3.18778
3.11794
3.027644
3.085201
3.005991
3.00421
3.856184
3.773736
3.65938
3.545735
10.57998
10.76843
10.51581
10.16638
9.931309
9.670691
9.336586
9.795065
9.454329
9.119785
8.946401
9.104045
8.876555
8.566707
8.265087
8.109206
7.853179
7.739886
7.788023
7.516099
7.311422
7.083548
6.841456
6.616213
6.396332
6.548352
6.332533
6.135875
5.931536
5.935708
5.732412
5.53625
5.355612
5.174069
5.09195
5.26639
5.091627
4.984162
4.837655
4.806967
4.647445
4.621794
4.687002
4.533184
4.38419
4.27239
4.142589
4.010586
5.315851
5.142023
4.999765
4.852143
4.695903
4.541759
4.410243
4.280948
4.851011
4.703203
4.611189
5.002044
4.881882
4.770945
4.868896
4.935309
4.917081
4.752493
4.669237
4.517055
4.36887
4.288352
4.343368
4.204395
4.067784
4.150915
4.038009
3.911851
3.935108
3.980157
3.870018
3.814399
3.749084
4.193899
4.359658
4.223543
4.099406
3.994559
3.86688
3.748703
3.631165
3.51826
3.420313
3.675198
3.581099
3.469897
3.387296
3.289474
3.201958
3.11188
3.031798
2.955155
2.871969
2.798418
2.940937
2.859224
2.927328
2.852882
2.786914
2.751939
2.689136
2.623861
2.558327
2.502836
2.472906
2.414236
2.362289
2.312963
2.389108
2.339581
2.333569
2.33984
2.284998
2.237331
2.191679
2.149981
2.102801
2.066719
2.034882
1.993674
1.954696
1.919733
1.890502
1.968114
1.976142
1.951128
1.921882
1.932718
2.01158
3.646275
3.534404
3.450831
3.344986
3.290402
3.383712
3.623926
3.516726
3.409049
3.556
3.447319
3.36548
3.279358
3.186086
3.12272
3.215244
3.132804
3.084291
2.994364
2.912692
2.832457
2.882012
2.883968
2.846202
2.77089
2.786463
2.71892
2.645162
2.581776
2.683927
2.621685
2.569525
2.537435
2.475142
2.473306
2.413687
2.429127
2.620444
3.820275
3.733714
3.680593
3.568207
3.469035
3.419874
3.319406
3.232124
3.138591
3.047358
2.973065
3.012123
2.941307
2.887835
2.806355
2.728304
2.669651
2.624939
2.834003
2.759459
2.776386
2.972678
2.887894
2.806788
2.73011
2.663596
2.611452
2.546877
2.514614
2.454567
2.396071
2.35408
2.318691
2.310083
2.257569
2.299429
2.269343
2.295438
2.249579
2.228456
2.190537
2.141884
2.102283
2.100313
2.055954
2.039351
2.084122
2.077044
2.873675
2.838201
2.760392
2.708621
2.640354
2.569743
2.773893
2.768277
2.707683
2.641948
2.611051
2.54245
2.511908
2.605161
2.551316
3.73893
3.624777
3.739649
3.776066
3.662303
3.549005
3.497377
3.555424
3.446186
3.367551
3.274225
3.411307
3.682747
3.576116
3.465068
3.594444
3.484676
3.404038
3.302895
3.400311
3.340637
3.916849
3.79813
3.781101
3.73704
4.285964
4.285628
4.175269
4.052276
4.058363
3.973579
3.859455
3.747096
3.817423
3.701385
3.608892
3.516357
3.584314
3.52083
3.414847
3.316136
4.190718
4.545248
4.417796
4.35262
4.227279
4.182687
4.223454
4.126257
4.022757
4.05577
4.41171
4.268211
4.197038
4.074594
4.21413
4.07857
3.963216
4.654325
4.58694
4.507624
4.635349
5.067034
5.334978
5.229227
5.060641
5.067977
5.279323
5.234063
5.663139
5.655775
5.669506
5.519424
5.336119
5.183381
5.034884
4.880849
5.807862
5.817854
5.651073
5.458125
5.27272
5.095697
5.201545
5.634698
5.505905
5.318379
5.2204
5.049024
5.13545
5.24775
5.086461
4.998071
4.876291
4.720161
7.02652
6.789601
6.623601
6.640624
6.416102
6.196203
6.029915
5.833638
5.666569
5.720215
5.528868
5.792084
5.594139
5.449562
5.466079
5.892645
5.693093
5.664931
5.502293
5.317868
5.170399
5.624734
5.451772
5.354496
5.264999
5.08732
4.916052
4.882645
4.785906
4.812369
4.681447
4.61975
4.472328
4.695724
4.615657
4.730475
4.596719
4.548068
4.429264
4.28457
4.144757
4.027978
4.183263
4.047632
4.041372
3.957091
4.27824
4.168762
4.033767
3.998688
3.910691
3.785913
3.666698
3.552427
3.545405
3.463393
3.385709
3.319644
3.362456
3.39046
3.287762
3.272309
3.176439
3.083558
3.424258
3.32353
3.223176
3.218722
3.188953
3.536964
3.450193
3.360946
3.474483
3.548577
3.460858
3.406931
3.352848
4.21633
4.135088
4.002292
3.927989
4.318726
4.180279
4.085751
3.958477
4.221883
4.543156
4.40789
4.278081
4.203598
4.075991
4.09753
3.974345
5.014068
4.850792
4.688859
4.81037
4.662684
4.803633
4.67845
5.860284
6.195814
6.279103
6.062838
6.170222
6.703112
6.471836
6.272667
6.075277
6.193462
6.057489
5.890459
5.822425
5.634233
5.470846
5.42284
5.458668
5.382494
5.20031
5.280955
5.111526
5.903872
5.709836
5.528121
5.481577
5.866766
5.791026
5.596949
5.540628
5.360992
5.415563
5.24773
5.070165
5.687107
5.513882
5.415575
5.29431
5.588971
5.410406
5.612365
5.421156
5.336031
5.185772
5.149575
4.976068
4.856255
4.719078
4.708883
4.561335
4.419812
4.350689
4.26112
4.128146
4.031662
3.996688
3.887543
3.763706
3.724684
3.638868
3.52542
3.421298
3.405852
3.4392
3.920067
3.802653
3.846187
3.765215
3.75543
3.922833
4.161554
4.053063
3.922564
4.069541
3.958296
3.975796
3.890612
3.829623
3.840002
3.809371
3.926171
3.984697
3.880342
4.029665
3.912111
3.788873
3.729547
4.137003
4.013584
3.886664
3.814864
3.771084
3.652968
3.74372
3.948245
3.826759
3.709008
3.594099
3.612495
3.556176
3.616778
3.696081
3.580249
3.470801
3.504204
3.396443
3.430239
3.337405
3.259974
3.162575
3.220233
3.167683
4.159694
4.085915
3.955908
3.928174
3.803538
3.71541
3.648914
3.745069
3.684638
3.574968
3.476293
3.408837
3.350471
4.012309
4.18612
4.410732
4.364698
4.375534
4.237828
4.108782
4.025592
3.971082
3.850669
4.018601
4.784578
4.626773
4.480247
4.368453
4.406937
4.751225
4.63362
4.480062
4.357404
4.217212
4.299192
4.202074
4.105061
3.972438
4.348343
4.212466
4.081291
3.95444
3.949778
3.899977
4.047193
3.992892
3.868698
3.751277
3.754471
3.793159
3.789659
3.78022
3.746169
3.631174
3.529052
3.426912
3.465387
3.360415
3.322502
3.233064
3.141461
3.147056
3.581873
3.473062
3.469131
3.365369
3.276702
3.178515
3.116781
3.115008
3.376417
3.27381
3.503586
3.419222
3.40998
3.336706
3.420175
3.353282
3.256112
3.264316
3.868933
3.75554
3.857426
3.746213
3.64978
3.535905
3.444054
3.602423
4.146164
4.012401
3.918188
3.793716
3.674915
3.868592
3.764122
3.852227
3.754621
4.022218
3.969314
3.855436
3.791675
3.777628
3.671581
3.558068
3.448841
3.529447
3.422309
3.533119
3.424125
3.328732
3.23127
3.135258
3.449228
3.42321
3.331801
3.271013
