0.1654856 -0.5351243 -0.03073842 0.1641634 -0.637785
0.1169014 0.6480641 0.8204303 0.4773487 -0.02632388
1.074508 -0.08054458 0.01462703 0.5672502 0.2008468
1.628675 0.3481246 0.2758093 -0.03870346 -0.5640276
1.007958 0.7652425 0.2498068 -0.1326507 0.421999
0.3054137 -0.0240103 0.01461306 0.6332032 1.034763
0.1389641 1.091232 0.444249 -0.04934416 0.9743822
1.604182 -0.5196837 0.4071639 -0.335142 -0.1182318
0.4026775 0.7263608 -0.4800454 0.6167069 -0.5482987
-0.1224537 0.1633467 -0.3724695 0.756942 -0.2609911
0.2413803 0.7964437 0.7329038 0.02906448 0.6232876
0.3303039 -0.310182 0.06878048 0.4434575 -0.1888905
0.1654974 -0.04687877 0.1991736 0.2810192 0.6927232
0.8061264 0.7126849 0.2857346 0.5918189 -0.4032735
0.5539872 0.2192461 1.041402 0.1607295 0.2386174
0.6035112 -0.1102301 -0.1418614 -0.04835863 0.2333656
0.3620469 0.03860009 0.5302327 0.2667629 0.4810732
0.523042 0.04444939 1.03071 0.4767205 0.1219253
0.3259357 -0.06477752 -0.1802781 0.8455712 0.2327598
0.3900374 -0.126733 0.05634964 0.467252 0.1160881
0.06886714 -0.8241738 0.2600832 0.101492 -0.1119665
0.4848966 0.3730241 -0.06227268 0.1063474 -0.3278977
0.1627035 0.3049159 0.0714687 -0.3957634 0.8274595
-0.1295249 0.4941082 -0.1490799 0.1557301 0.3302235
0.3375398 0.04532963 -0.2169847 0.2129832 0.08189424
0.3455593 0.3877032 0.323561 0.06826058 0.4138355
0.6925053 0.1149049 -0.01310372 0.1797112 0.3410781
0.2813254 0.4306045 -0.01803746 0.1619321 -0.109009
0.2668998 0.5389043 0.623072 0.08995001 0.2837653
0.2859618 0.1463016 0.4069037 -0.2275361 0.237974
0.05231782 0.1217405 0.02278706 0.07933065 0.3600919
0.01252817 0.09929561 0.1096994 0.2001723 0.2533517
0.891757 0.04817068 0.5298276 0.454053 -0.248392
0.4691892 0.04980769 0.2147898 -0.149634 0.1290135
0.1342466 0.2007208 0.9355774 0.03368265 0.1876233
0.04646624 0.383587 0.08745555 0.5122093 -0.2827796
-0.05106329 0.2132945 -0.14612 0.2850806 0.06948549
0.2258684 0.07389581 -0.02776197 0.2106901 0.1914503
0.5674989 0.0466487 0.3166657 0.1821169 0.1067675
0.02236976 -0.3028046 -0.4806648 0.1108688 0.07312015
0.3084217 0.08677381 0.1704766 -0.1671677 -0.4761637
0.3875128 0.3913604 -0.05938103 0.1320329 0.1812029
0.2152587 0.5765571 0.290524 0.233243 0.2776625
0.5907583 0.1410978 0.2582634 0.3983444 0.6634102
-0.1404466 0.6335322 0.07024192 0.071425 0.2366915
0.2350287 0.05974299 0.1007289 -0.1663264 0.3810235
0.04502973 0.4154324 -0.1143285 0.2883131 -0.04610956
-0.03392565 0.08813375 0.1799653 -0.08952823 -0.0394895
0.1857779 0.1894934 0.1023394 -0.06520417 0.02699751
0.1696465 0.02817301 0.8348283 0.3672315 0.2924168
0.4039559 0.08230637 0.07297955 0.1621505 0.09397285
-0.04256292 0.1505446 0.09354742 0.1493678 0.4298957
0.02943764 0.06631151 0.009879046 -0.1759903 0.1828707
0.141971 0.2690728 0.2930768 0.1005694 -0.1324088
0.1918975 0.1709452 0.09212389 0.1443901 0.212208
0.1510724 0.02140183 0.06148977 0.145606 0.09585198
0.06546748 0.1515067 0.1418305 0.5266019 0.07521367
0.09045762 0.06991784 -0.204347 0.2117354 -0.04514271
0.206806 0.1907728 0.05671807 0.1686337 0.1274033
0.1335402 0.135861 0.1333898 0.05556024 0.160693
0.1531506 0.2403144 0.086848 0.06365299 0.04536516
0.1108592 0.1063367 -0.00108563 0.1306405 0.0143253
0.0328682 0.2016123 0.1850611 0.09256642 0.05610246
0.1084595 0.2204232 0.8700346 0.2309324 0.1599993
0.1528086 0.1075044 1.243717 0.751149 0.05497025
0.6751175 0.00826014 1.114143 -0.05923368 0.5882082
0.1416918 -0.5171388 0.1753979 0.6787717 -0.08027569
0.268982 0.7661137 -0.1234327 0.7988821 0.6978206
0.3621995 0.2597334 -0.09861141 0.3641337 0.4581808
0.01860193 0.5294942 0.2341092 0.3939099 -0.006296385
-0.3007334 -0.1552321 0.2168767 -0.6071404 0.5513359
-0.0140791 0.2556164 0.1173131 0.6470051 0.1810525
0.634878 -0.5593964 0.3871367 0.07262823 0.6845443
-0.2844742 0.0333033 0.677137 0.1654344 0.01448961
-0.08276912 0.210001 0.277154 0.1552001 0.9500197
0.203436 0.189926 0.4354167 -0.07938509 0.2955062
0.1092554 0.1097177 0.2790743 -0.021071 0.4816179
0.1560913 0.1043241 0.2015046 0.117509 0.1621746
0.1061068 0.2112895 0.3567459 0.2196461 0.06933691
0.1946688 0.03855389 0.04548252 0.226089 0.1405245
0.1067927 0.2514977 0.1452194 -0.4279932 0.1395213
0.01722823 0.3361345 0.1398371 0.1174064 0.2344014
0.09117194 0.1051665 0.009577262 -0.3178277 0.0736156
0.0394132 0.1263598 0.09437182 -0.1760923 0.8104785
0.08452644 0.170796 0.1378002 0.1204043 0.08449176
0.2633954 0.1566857 0.2930386 -0.1237141 0.126505
0.1213112 0.1429635 -0.02569192 0.06296306 0.3020192
0.05613783 0.120107 0.1973655 -0.05796578 -0.02624134
0.1693455 0.1861755 -0.02504182 0.07056091 0.2633559
0.09072704 0.1432025 0.1406433 0.2154712 0.09386135
-0.07735692 0.1310881 -0.03463235 0.08843079 0.08221735
0.01591243 -1.064972 0.1102871 0.2529397 -0.014801
0.1379496 0.003559419 0.06615274 0.3765463 -0.05311448
0.5575212 0.1215007 0.188309 0.07310408 0.3141534
-0.05421023 0.1259284 0.07622612 0.1214347 0.1368731
0.1997296 -0.01298729 -0.08394433 0.2536111 0.4720938
-0.02823292 0.08850861 0.1205217 0.1574022 0.235722
0.04548892 -0.19136 -0.1153624 -0.07914847 0.1687904
0.1432313 0.2009371 -0.1112722 -0.07508829 -0.03298597
-0.7674002 0.3937305 -0.6666798 0.05768725 0.00969577
0.4860429 0.6879845 0.3257827 -0.7341692 0.4245493
0.2767199 0.5304658 -0.01267632 0.1084921 0.1549455
-0.4473217 0.1930249 0.2544877 0.2538443 0.5476062
-0.05508117 0.2010219 0.03201383 0.7432497 0.5880123
0.1122544 0.1665066 0.01057958 0.2685939 0.4422331
-0.1779166 0.2751437 -0.09197235 0.1158785 -0.206153
0.004925616 0.08028567 -0.1338774 0.3591526 0.02150037
-0.04631281 -0.3610875 -0.2094037 0.0588417 0.07190892
-0.2985685 -0.5413178 1.204733 -0.5122527 0.5464549
0.9436217 0.3866229 0.07460158 -0.5040198 0.7629768
0.3577442 0.05839612 0.1188929 -0.3085114 0.05808688
0.4992095 0.712137 -0.05865185 0.4964505 1.028179
-0.2484744 1.248224 0.0632211 -0.4745089 0.3455604
0.09005606 0.3577886 0.4227841 0.5938086 0.3063211
0.1357497 0.2646571 0.4870767 0.1638395 0.2354411
0.1383936 -0.1962358 -0.02513887 0.09234048 -0.01907855
0.1044274 -0.4167924 0.4197096 -0.1302496 0.1733091
0.2700824 0.5379293 0.03337269 0.2802019 0.5176996
0.7858765 -0.004720157 0.1605948 0.267062 0.1068076
-0.2633624 0.2866647 0.6209388 0.2119689 -0.03917344
0.3546902 0.1722831 -0.006209013 0.3007268 0.5103886
0.3472777 0.08440642 0.158287 0.04652852 -0.3264758
-0.02249385 0.1970928 0.1588329 0.3469615 0.03708368
0.1943116 0.2153112 0.295913 0.09884568 -0.0528657
0.1929898 0.1412508 0.1577995 0.1636885 0.1807214
0.1482297 0.05618307 0.1815883 0.2583646 0.08692408
0.370374 1.100111 0.2451389 0.5057024 0.06783215
0.1405613 0.3058587 -0.06700002 0.1575899 0.09525056
0.271879 0.235351 0.1479154 0.4038258 -0.1699549
0.1650801 -0.21844 0.1578274 0.4161256 0.110684
0.1591121 0.08252022 0.3071889 0.2976689 0.06105204
0.2504672 0.1293547 -0.1242844 0.1501734 0.2986906
0.6714313 0.200291 -1.044873 -0.2798354 -0.005129144
0.4888103 0.05887959 0.4240746 0.2220425 0.1280367
0.1563074 0.267628 0.03292282 0.2515573 0.1602881
0.2812438 0.5475708 0.1379041 -0.02617178 0.4306923
0.09344166 0.19155 0.2885453 0.3078869 0.1366111
0.1406885 0.4355018 0.1989169 0.1807263 0.5712621
0.5266996 0.1205112 0.5872897 -0.06640081 0.1111722
-0.2072079 0.2461451 -0.1682723 0.3576891 0.3053637
0.2603366 0.1532022 0.2483399 -0.0520852 -0.006484298
0.1889735 0.1189773 0.3130793 0.2476201 0.1627601
0.1174331 0.09341041 0.3287333 0.03812736 0.3995878
0.4335373 -0.5850223 0.3015572 0.1204931 0.2182321
-0.2298828 0.3495987 0.2195275 0.2125168 0.1474503
0.0970157 0.08167767 0.06446645 0.2926296 0.2030104
0.1127697 0.3908957 -0.2756599 0.1370613 0.1316376
-0.2650748 -0.2271356 0.2458054 0.3768603 -0.2091885
0.3183955 -0.002234893 0.2212906 -0.4805012 0.1573906
0.2507983 -0.005386989 0.156644 0.3383846 0.2066351
0.06976706 0.1915842 0.3910883 0.1179487 0.2248323
-0.1022873 -0.1177175 -0.2524373 0.2191581 -0.02216108
0.2759313 0.1165906 0.1816556 0.1716932 0.2144215
-0.2032575 0.01581928 0.1048936 0.06987777 -0.0632847
0.3600624 -0.1525028 0.06186554 0.2066226 0.04290327
0.4607373 0.124256 0.2963951 -0.2256295 0.5774621
0.140801 0.07558491 0.1612437 -0.1014805 0.3726979
0.4120741 0.5837344 0.1171547 0.2549076 0.2931025
0.1406335 -0.1939618 0.2774463 0.1491675 -0.1248756
0.07985162 0.3470568 0.8954076 0.2644758 0.2007353
0.1238679 3.367951 -0.788115 0.9615619 0.1240307
0.8492281 -0.05482025 0.2530875 -0.6995936 0.3185284
0.3774193 0.8094927 -0.5033538 0.03033719 0.4185084
0.2572703 0.7431276 0.4604593 0.7451608 -0.3545624
0.2817281 0.01742586 0.111011 0.3493018 0.1284331
0.3580118 -0.3609628 0.4000061 0.07773318 0.3267078
0.6847001 0.2125738 0.2082164 0.2964716 0.1833448
0.4896751 -0.3329832 0.2971196 -0.03031537 0.342431
0.5114973 0.1882999 -0.1136904 -0.1799587 0.1729405
0.15591 0.03088025 0.1021079 0.208327 -0.7953913
0.3537546 0.03168355 0.08229473 0.2656361 0.2152916
0.06381995 0.08156048 -0.4962192 0.3486842 0.4008157
0.8571305 0.3463501 -0.01646852 -0.2213981 -0.1830551
0.5790071 0.1491038 -0.04051255 0.1538796 0.1543102
0.392979 0.5425456 0.09778879 0.1710275 0.5613476
0.02076471 0.2232215 -0.1371111 -0.131418 0.2915574
-0.04871949 0.3632254 -0.4228702 0.6964469 0.06642435
0.08455399 0.3097776 0.1314076 0.10551 0.1368881
0.1658339 0.06912182 0.6320957 0.00719901 0.1512238
0.2637119 0.07983408 0.06759391 0.1941074 0.2060556
0.2013547 0.09601893 0.1878062 -0.1828346 0.1846721
0.3990889 0.1734162 0.204415 0.2602664 0.03824135
0.070299 0.1646674 0.04566683 0.2416101 0.1446385
0.05380951 0.1712154 -0.108617 0.1885104 -0.02957644
0.280294 0.07056422 0.158593 0.05647936 0.1606806
0.09801644 0.1573407 0.1585071 0.08848076 0.09059009
0.07136236 0.1413876 -0.08571759 -0.004991516 0.04214042
0.1509874 -0.02358868 -0.0764849 -0.6782432 0.2479125
0.0225867 0.1540937 -0.01241753 -0.1541308 0.6335914
0.0557779 0.1752358 -0.2140304 0.1448624 0.2625814
0.04179 0.1998421 0.009063972 0.4680746 0.03062776
-0.0007770418 0.1551066 0.0808252 0.09596976 -0.1049004
0.3504083 0.2575695 0.06989991 0.3402003 0.04248554
0.1395693 0.06197375 0.4055417 0.03308665 0.2130764
-0.007320331 0.1629532 -0.04021738 0.160972 -0.05664719
0.4661659 0.9804263 -0.0465405 0.3733705 0.09288084
0.07293577 0.3367562 0.08172651 0.06344153 0.1030144
0.1097464 0.2191956 -0.1110235 0.06237279 0.0171543
0.1440055 0.1257391 0.03984816 0.2374595 0.4825953
0.05146591 0.341797 -0.2286794 0.1730703 0.1051611
0.0993334 0.1840307 0.02583047 0.1694844 0.2342326
0.1498149 0.1471645 0.02899276 0.02758466 0.2528476
0.06615795 -0.06816931 0.02904641 -0.05052459 0.06470323
0.007052359 0.1836404 0.1115916 0.05328297 0.2311564
0.0805911 0.0121543 -0.05558008 0.005689309 -0.4243932
0.0281669 0.1596556 0.01926134 0.1776586 0.1132055
-0.2052896 0.3344004 0.02517588 0.07037979 -0.002850411
0.1427066 0.2387832 -0.1369566 0.05934431 -0.6089103
0.1649603 0.5380547 -0.1662816 0.2373657 0.1717005
-0.02925072 -0.1325212 0.1445957 0.2703264 0.2030197
-0.2028037 -0.2659363 0.1126778 0.1459194 -0.2016263
0.1407683 0.2716643 0.1716312 -0.1718878 0.3276418
0.8042357 0.1738752 -0.08585141 -0.03185494 -0.4440523
0.5437765 0.005294363 0.09075917 0.4830827 -0.02678758
0.08594188 0.244197 0.5047278 0.07520668 0.2804039
0.2497071 -0.1630749 0.01268005 0.117021 0.09041134
-0.5651539 -0.3275416 0.09317932 -0.04654661 0.3018245
0.4216906 -0.1802245 0.3661174 0.01479352 -0.1354
-0.3538412 0.2452454 -0.04209877 0.09004316 -0.2322603
0.1672305 0.0641441 -0.5321673 -0.007140741 0.4352548
-0.2682989 -0.4171603 -0.3283189 0.001779345 0.3003634
0.588193 0.7647597 0.5126224 -0.5061472 -0.1228051
0.6975609 0.3843864 0.2619311 0.04995203 0.3636512
0.2954396 1.226433 -0.2777205 0.4372389 0.1839547
0.2241245 0.1642517 0.7063096 -0.5215093 0.03962156
0.2195642 0.4785959 0.1148499 -0.2332569 -0.2319439
0.3540315 -0.06449785 0.02840504 0.2767498 -1.213506
0.2747257 0.5358421 -0.2648544 0.3664308 0.2774272
0.01931334 0.3483629 0.04112185 -0.2239491 0.3135664
-0.401697 0.2418918 0.01442346 0.6661752 0.9723121
0.1138767 0.6334565 0.3557879 0.2493148 0.3726781
-0.5066972 0.4025725 -0.07234869 0.5194479 0.1549743
0.1890951 -0.1161572 -0.005856249 -0.159197 0.06787947
-0.06160951 0.2652043 -0.322814 0.4716793 0.6342949
0.02145589 -0.07126886 0.3544456 0.1361183 0.1712964
0.2763864 0.6142446 0.1416723 0.4636164 0.3190199
-0.3630448 0.07255393 0.1840402 -0.07553352 0.02499019
0.1683693 0.1698987 0.1309543 0.4036531 0.006575203
0.0333462 0.2975897 0.4208642 -0.1330878 0.1438838
-0.06232067 0.117793 0.162765 -0.3146699 0.225308
0.1234854 0.3671926 0.3130043 0.6467962 0.2259812
0.04515114 0.5136828 0.4551398 0.2398553 0.3149142
0.301815 -0.5796262 0.03890868 0.2010206 0.3527852
-0.4034028 0.1720861 0.3391105 0.09713012 0.7051419
-0.405945 0.3295531 0.06333279 -0.02378038 0.2618091
0.4909223 0.06442085 1.164373 0.1857711 0.174643
0.6717826 0.2525388 0.6804341 0.3197799 1.326852
-0.5414548 0.8672544 0.2129726 0.8184372 -0.6369697
0.3581019 0.07542891 0.3891649 0.8170268 0.4762
0.01513812 -0.1022769 0.3494497 0.04722459 -0.1115333
0.6941611 0.4951183 0.1600364 0.6943104 0.255973
-0.6675745 0.3819609 0.0950122 0.5912652 -0.4985446
-0.0525046 0.3032307 0.5702529 0.2754145 0.6776966
0.2924532 0.1897822 1.081723 0.01514185 -0.04439066
0.00203467 0.9037656 0.05835037 -0.3342595 0.2721014
-0.07858394 0.3927316 0.5418587 0.1559639 0.009177462
0.06741305 0.5444217 0.07627556 0.2710767 0.410072
-0.02940365 0.2492823 0.008738696 0.4337546 0.2546849
0.1477091 0.3843431 0.2769794 0.1281936 0.09640403
0.3791687 0.4148605 -0.4264262 0.1352452 -0.1450529
0.0264604 -0.08145202 -0.2250389 -0.2697463 0.07185774
0.173649 -0.237331 0.3116009 0.4684894 0.3078015
0.3535638 -0.130587 -0.04844758 -0.1928152 -0.1389409
0.3099532 -0.2474769 0.2838131 0.1805376 0.3529141
-0.4013911 0.2941028 0.1878005 0.343094 0.3687772
0.1616452 -0.1813106 -0.2422081 0.2461694 0.1026649
0.1246613 0.4400098 -0.04585359 0.4939595 -0.1955219
0.1874885 0.1770035 0.4380847 0.136039 -0.1185424
0.08387181 0.03620489 0.159591 -0.1317888 0.0130411
1.014925 0.312623 0.118112 0.426295 0.1152321
0.02331731 0.342563 -0.1991949 0.001931634 0.222616
0.2285875 -0.003958321 0.3185031 0.8536585 0.584203
-0.334459 -0.03935895 0.5357569 0.210198 0.09020205
0.3585983 0.3773938 0.07977455 -0.2420063 -0.5461017
0.2782434 0.1044882 0.02818254 -0.1560089 -0.3637241
0.4093174 0.170404 0.04832795 0.2241954 -0.2030552
0.3786178 -0.004706903 0.1779829 -0.3843862 0.2829794
0.09845731 0.113879 -0.1019126 -0.03089355 0.6149557
0.3610016 0.09678318 0.2219568 -0.1097632 0.4996738
0.4093186 -0.1119234 -0.04286833 0.2114666 0.227872
0.2043164 -0.1294491 0.1937048 0.3317483 0.2039713
0.0817445 -0.07471744 -0.3486914 0.2237242 0.3908895
0.1659543 0.2274712 0.1176012 0.01270666 0.3659028
0.5745299 0.1160689 0.5912887 0.0007000472 -0.0647299
0.2931635 0.4641916 -0.01939862 0.2033876 -0.09189274
0.8406873 0.03010547 -0.1847493 0.1013125 0.2749789
0.1281402 0.2508647 0.5468366 0.8066032 0.1351717
0.02033658 0.1490742 0.1820883 0.6094336 0.2336214
-0.1894493 0.06376323 0.6847491 -0.08970773 0.09036829
0.360761 0.4062367 0.0482884 0.1881625 0.1190097
-0.1608374 0.2032598 -0.1900582 0.158431 0.215263
0.09319188 0.1570394 0.6290036 0.3276361 0.04636839
0.2995752
