-0.6877789
-1.898468
-0.220433
-0.6568821
0.5085226
0.8799022
0.4501998
0.3768138
-0.144696
0.9032964
-0.8890108
-0.2211625
-0.1652589
0.2425212
0.6201861
0.150337
0.08420112
-0.3027517
-1.057321
0.1863917
0.8572875
0.5745519
-0.7897697
-0.05649063
0.2792473
-0.3490634
-0.3975974
-0.08760012
0.5018124
-1.146948
0.6991782
0.7195925
0.07497234
0.8731208
1.47581
-0.377895
0.3911975
-1.795299
-0.6968892
0.7419497
1.305093
-2.139099
0.6545794
-0.8772077
0.09250116
0.3543147
-0.4544368
0.9873227
-1.009702
-0.3311775
0.2461003
1.281186
-1.244717
0.6858335
0.5782042
-0.6304585
0.08842031
0.02916547
-3.780022
0.1590327
-0.2636662
0.4328917
0.2612601
0.05039334
0.3324291
0.3593817
0.03806526
0.7777676
-0.6279627
0.3221841
0.0007156082
0.7672973
0.5024842
-0.3757832
-0.3879936
-0.7571393
0.1702531
0.1107267
-0.03723773
-0.07301307
-0.09299131
0.349598
-0.230676
-0.6000842
1.327932
-0.4627138
1.239858
0.2818022
-0.1317156
0.2933688
-0.4234264
-0.2823051
0.6544571
-0.1805781
0.2847447
-0.4280236
-0.1367661
-0.1185124
-0.3744627
-0.3073572
-1.071033
0.3292894
0.3204028
-0.8626356
0.2346747
0.1733439
-0.3561952
0.3469002
-1.014183
0.7899485
0.2196343
-0.6077643
-1.723227
0.8621161
-0.5361988
0.9893123
-0.4542698
0.1145721
0.4562297
-0.1022768
-0.03743844
-0.01841564
0.09123317
-0.1708548
0.1859396
0.1224335
-0.0234475
-0.03849386
0.6150042
-0.03896585
0.1913448
-0.1124529
0.2606919
0.2931298
0.1808706
0.1083131
-0.7630358
-0.06299953
-0.1532466
0.1299893
0.4905438
0.4903601
-0.3093073
0.2919721
0.193386
-0.3157283
0.3079685
-0.566685
-0.006462261
0.007670793
-0.2058922
0.0396247
-0.0868638
-0.1780426
-0.3526888
-0.3269809
-0.1247602
0.1684713
-0.1638207
-0.7835012
0.07546417
0.4828817
-0.6632457
-0.5570393
0.2818019
-0.8352187
-0.03506972
-0.7566287
-0.3345514
-0.0118949
-0.02498946
0.8287261
0.2361082
-0.4366727
-0.1294896
-0.6074085
-0.06369027
0.6154883
-0.6952835
2.568819
-0.017813
-0.2350099
-0.107448
-0.54988
-0.136574
-0.1434639
-0.1430746
0.1267886
-0.3241056
0.292271
-0.5893561
-0.1942605
-0.3089431
-0.1044439
-0.1846736
-0.5634351
-0.7612347
-0.2245005
0.03855841
0.1258054
-0.3079233
-0.1797554
-0.7639299
-0.7567302
0.3992618
-0.06903999
0.103459
-0.8348652
-0.3217502
-0.09241299
0.4849012
-0.1904912
0.4841103
-1.20845
-0.033133
-0.5300617
0.08278851
0.4029968
0.4058506
-0.6185975
0.4241011
0.4321832
-1.181678
-0.842638
0.4375543
-0.01487512
-0.6689131
-0.1064528
0.5588508
0.09710309
0.7070149
-1.156639
0.1500346
-0.1483767
-0.1716631
0.03429085
0.04409926
-0.1758181
-0.1951566
0.1670482
0.2148322
0.2072597
-0.08616218
-0.1159536
0.01201842
-0.4696738
0.6095374
0.4899117
0.2503364
0.4172028
-0.0887352
-0.3421565
0.1173213
-0.08661527
-0.4816711
0.1429573
-0.1871666
-0.1766878
-0.09072811
-0.05087825
0.02492828
-1.337361
-0.1251863
-0.114797
-0.4907077
0.447627
-0.02320172
0.2516619
-0.203413
-0.3219053
-0.2181074
0.1303532
0.03190083
0.07262748
-0.1188803
-0.09265057
-0.384974
0.1708517
-0.191935
-0.6878169
-0.1098475
-0.08401324
0.01071818
-0.1755603
0.3936018
-0.21682
-0.7920433
0.8855255
-0.05854809
0.5033304
0.4935906
-0.5294948
0.02360387
-0.1822017
0.01475298
0.04623263
-0.2809439
-0.2988181
0.1912772
0.06535485
0.06710557
0.05155432
0.01457967
-0.2610978
0.1454943
0.1581607
-0.3612259
0.09668822
-0.03536756
-0.06070884
0.0601734
0.142677
0.2450381
0.008848818
-0.3025655
-0.03869754
0.6288972
0.05633069
-0.1209552
-0.01243808
0.15615
0.9460976
1.178732
0.1824723
0.7083511
-1.567591
1.431771
-0.09749667
0.6033757
0.4123954
-1.064475
-0.02701826
0.6845121
0.1717012
0.121131
0.5567529
-0.06961069
0.7436023
-0.08898822
-1.226824
-0.6008883
-0.1917094
0.5793065
-0.6196097
-0.7164867
0.05721154
-0.4991918
1.225551
-0.1253951
0.03853809
-0.6688605
0.6047892
-0.4904056
0.8586417
-0.5547098
0.5563638
0.8617015
-0.3917014
0.5051519
0.9253846
-1.737536
-0.2097407
-1.378081
0.8279386
-0.6715434
0.06986247
0.4681763
-0.5719733
-0.2146485
-0.01795121
0.2230651
0.2799352
-0.4199662
1.394721
-0.1979654
-0.5079452
-0.07725786
-0.3966107
0.5410759
-0.02442505
0.08711717
0.6017995
-0.8094703
0.5359532
-0.1827955
0.2358587
-0.1132405
0.09209802
-0.2896364
-0.1036441
-0.1675633
0.1301848
0.1603589
-0.06698612
-0.01726061
-0.03632756
-0.4473728
-0.2860392
0.3754147
0.2461506
0.3301387
0.1294429
-0.8393965
-0.0557755
-0.5266606
0.4056657
-1.178889
0.02441199
0.169343
-0.1424156
0.227387
-0.4607889
-0.3107309
-0.8215037
-0.006179792
0.3452548
0.4801874
-0.2523842
1.223871
-0.01362732
0.4029561
0.6044445
0.1211238
0.2979638
-0.03420867
-0.2998364
0.2527371
-0.02062938
-0.4027708
-0.3466658
-0.3625587
-0.2114787
-0.1826804
0.5418048
-0.04737231
0.1466757
0.1778001
-0.2792082
0.265869
0.4136273
0.231971
0.1166179
-0.1300275
0.4707574
0.1972831
0.4380252
0.1303524
-0.01530227
-0.09416556
-0.003567645
0.1045062
-0.5991335
0.04060294
-0.09599045
-0.3460188
-1.544855
0.4057322
-0.8580652
-0.2053154
0.3707045
0.3081653
0.6875228
0.4995086
-0.2730911
0.7149034
0.2620115
0.1895585
-0.04296374
0.3871115
-0.0773701
-0.8881201
-0.02954332
0.1997427
0.2697922
0.1752047
-0.1498277
-0.2205809
-0.2221793
0.4283199
-0.7323064
0.5903771
-0.4075689
0.8002862
0.003406926
-0.3256394
0.1794411
-0.7416442
-0.0379158
0.5249295
-0.7740399
-0.2241626
-1.031705
0.05867367
-0.04535498
-0.6972976
1.581942
-0.7646034
-0.5504419
0.226178
0.7733709
0.5944047
0.357611
-1.014829
0.9560074
0.27338
0.8413568
0.0268941
0.2680281
-0.1696993
-0.619841
-0.3113096
0.3243383
-0.001536215
0.4044495
0.01412556
0.4767309
-0.04004817
0.6756623
-0.7614301
0.3008258
0.7320971
0.1079094
0.6023231
0.5905933
-0.2791845
0.3117271
0.059159
0.02776692
-0.9056054
-0.05707209
0.2356704
-0.4453116
0.5384027
0.1707373
0.234204
-0.460874
-0.112841
0.1558632
0.2442314
-0.4747753
-0.1281642
3.92814
0.373685
0.623676
1.237751
0.1913561
0.2104755
-0.3821042
1.949423
-1.467734
0.2613551
0.1374292
-0.6595631
-0.3924848
0.07887283
1.090355
0.4190273
0.8360001
1.560866
-1.36654
1.495951
-0.1319308
-1.222769
0.4722504
-0.134231
-0.2685287
0.240924
0.4973246
-0.5846187
0.2854045
-1.16438
-0.04566337
0.257552
-0.3441436
-0.06619018
-0.6375985
-0.2590329
0.1913247
0.1129029
-0.2392063
-0.1153518
0.6466884
-0.0624902
0.432446
0.5381514
0.7048394
0.2829724
-4.273178
0.6033425
0.6389534
-1.033057
0.5128742
0.1395149
0.2002974
-0.3678883
0.06387901
0.4867745
0.2323074
-0.08774621
0.4527717
0.3587941
-0.1953196
0.5534981
0.6240661
0.2815233
-0.1190395
0.2011848
0.007860423
-0.1769288
0.1121508
-0.7627996
0.298333
-0.3998164
-0.04169654
0.2652121
0.319986
0.50106
-0.7180283
-0.1295852
0.4391159
0.1827865
0.1588537
-0.01400019
0.2865395
0.2439449
0.04074725
0.5218108
0.387966
0.1873992
0.367253
1.547572
-1.112372
0.4970091
0.1833453
0.3908524
0.9114113
0.1828027
0.1427719
0.3287907
0.3942617
0.4091563
0.08173306
0.5634459
-0.4054757
0.2836977
-0.2239894
0.4317197
0.2092961
-0.2718758
0.2368162
-0.2752046
0.2158082
0.2499517
0.172947
0.4022437
0.1208383
-0.4531919
-0.03542856
0.4654838
0.3560574
0.2397353
-1.178125
0.4066014
-0.5402887
0.4357917
-0.8651474
0.42582
0.2506631
0.3111216
0.1413519
0.05661312
0.08507625
0.5390428
-0.007112461
0.4228059
0.4128261
0.1315205
0.1738947
0.6233691
0.1297298
0.2344107
0.1718786
0.1440331
0.2202816
-0.1080551
0.5119406
0.1030762
0.311533
0.7335007
0.781475
0.09644821
0.5165318
-1.203734
-0.1280624
-0.03211618
0.4219617
-0.3061426
0.5388223
0.1813878
0.4671337
0.06393878
-1.271432
0.6265431
0.2936081
0.3362418
-0.05525792
0.3693047
0.07153748
0.2902517
-1.936744
0.2933639
0.4501355
-0.2543953
0.1892751
0.4831994
-0.5562116
1.054725
0.06845394
0.2944435
0.06062141
-0.03840199
0.2235464
0.1967145
0.1496602
-0.1543441
-0.04335182
0.2061883
0.3802888
0.08744714
0.2145072
0.6930995
-0.3421121
0.4336921
-0.3184452
-0.05510658
0.2300535
0.81522
0.5670518
-0.04053434
0.2883097
0.1041924
0.3628383
-1.293114
0.2947821
0.3762504
0.07750019
0.2215224
0.4663354
0.2662992
0.1714652
0.2783841
0.5637622
0.2636135
-0.08466966
-0.07086867
-0.4812901
-0.5252189
0.3394341
-0.3753808
0.1907597
0.348249
0.2820168
0.2317278
0.2278835
-0.2283914
-0.1623413
0.1001869
0.1457661
-0.03946707
0.449968
-0.2499779
-0.07481276
0.3530029
0.2080427
0.4252163
0.1175686
0.5483672
0.0127241
0.9480756
-0.1731146
0.2368269
-0.4136883
-0.02462032
0.2946909
0.6324597
0.5523553
-0.1668118
0.5795172
0.7193201
-0.003101354
-0.1593082
0.2599573
0.4357176
-0.287204
-0.04192962
0.4477886
0.8138656
-0.0444309
0.1899357
0.1498113
3.747357
-6.96573
-0.6772778
-0.9339465
0.02629497
-0.2735894
0.02178213
-0.814515
-0.1557644
0.7141695
1.730586
-0.6995749
0.308348
0.3837327
0.1483568
0.8282972
-2.808231
0.6937008
-1.145613
0.3631213
-0.7093838
1.204624
-0.09758707
0.3534328
0.6579016
-0.6219127
-0.002920096
0.09529597
0.4364005
0.8113168
0.1085457
0.08131333
-0.153793
0.377679
0.5185064
-0.6534447
0.6012018
-0.4245376
0.6024098
0.5180315
0.08005017
-0.3811221
-0.09630123
-0.3097462
0.2296518
0.07031114
-0.1230419
0.4942024
-0.7716395
0.685884
-0.2313419
0.3199166
0.5040133
0.4106421
0.1573806
0.3349113
-0.6164106
0.6194049
0.4931105
0.4178933
0.3781602
-0.3349803
-0.41091
0.021774
1.16823
0.167589
-0.1153531
0.002654132
0.2564843
0.4065113
0.6005605
-0.3384393
-0.01748367
0.5552113
-1.356814
0.1636677
-0.0669473
0.1294447
0.5141773
0.1102718
1.028011
-0.348686
1.711183
0.1322293
0.1323042
0.5508725
-0.07568748
0.3810931
-0.09070839
0.1368709
0.224506
0.569397
0.02803323
0.2431221
0.2653494
0.3947465
0.3772117
0.295639
0.3681454
0.2532633
0.1073444
0.4558968
-0.1021946
0.5290412
0.5763831
0.4293891
0.02042411
0.3360102
-0.4639997
0.1609725
0.4496798
0.1652527
0.3903165
0.2984816
0.1643826
0.0512174
0.1326516
0.3127172
0.1011371
0.4504948
0.06278687
0.3832601
0.149514
0.3449068
-0.08117614
0.2730178
0.4249665
0.2927464
0.08634371
0.1771327
0.4447206
0.04442711
0.09466492
0.5743179
0.2902353
0.3003407
0.1736492
-0.9657374
0.1046281
-0.1410621
0.4358971
0.09620841
0.01190809
0.7474961
0.3841729
0.6462199
-0.01442123
0.4057958
0.5330071
0.5170552
0.03432174
0.07684338
0.5806434
0.3254137
0.1765399
0.6371508
-0.1800265
0.3927167
0.004196255
0.3810023
0.3817593
0.1029467
0.3794509
0.1526981
0.3682547
0.1772802
0.6093282
0.4070983
0.4113677
0.4457402
0.384485
0.08061228
0.445441
0.1967154
0.5604787
1.268528
-2.532185
0.2370916
-0.1546668
0.1781043
0.7336817
0.4083814
0.2408464
0.1951191
0.4661242
0.3809493
-0.04777352
0.2721371
0.09347952
0.1971545
0.2729005
0.2025469
0.466375
0.7374455
0.2345136
0.7174204
-0.1528345
0.4954189
0.2699331
0.2591935
-0.295182
-0.9731126
0.3584825
0.243901
0.3341029
0.6711931
0.3334214
-0.05277304
0.4573746
0.2235695
0.06700593
0.3314617
0.08794019
0.1531875
0.2355248
0.394187
0.4204969
0.4308015
0.7042938
0.007424317
0.1780917
-0.002368748
0.3942245
-0.3367022
0.3385851
0.3991197
0.3501152
0.473545
0.3304029
0.002177814
0.6303926
0.2232285
0.373288
0.5454634
0.09725884
0.3280173
0.06247656
0.6484362
-0.1164255
1.424415
0.8287873
0.09411694
0.3825945
0.4804837
0.03403351
-0.1906087
0.6908136
0.6056578
0.5063396
0.1995931
-0.04789569
0.03688962
0.26977
-0.274337
0.4426591
0.440092
0.1223182
0.04638661
0.7576047
0.9409413
0.8270111
0.7517008
0.2202209
-0.3907276
0.9172634
0.1614807
0.2424508
0.6842108
0.3694103
0.1475128
0.3802964
0.7579851
-0.3410083
0.7040914
0.1377606
0.1115971
0.1846421
0.3263337
0.2838599
-0.529782
0.1697445
0.1696755
0.2634309
0.201505
1.409102
-0.4576263
0.8508246
0.7506223
0.5546927
-0.02745782
0.628577
0.8895931
0.6882542
-0.336316
0.006035267
0.2119674
-0.3502512
1.044284
0.8621851
-0.2592461
-0.2168448
0.3443419
-1.050059
0.9378829
0.5961631
1.085323
1.684061
-0.8377388
0.07259061
1.151992
0.5531118
1.10048
-0.07590939
0.790587
0.03153112
1.568402
-0.6135083
0.5492005
0.2704495
0.1030222
0.6597906
1.553834
-0.2266472
0.557765
-0.9592619
0.6142562
0.6002911
-0.200577
-0.1771708
0.5513009
-0.1503249
0.004694353
0.1091162
-1.034584
0.9367002
0.6078944
-0.2563604
1.372667
0.1636278
0.02916766
0.4851141
0.3680082
-0.1621328
0.1750862
-0.530503
0.3318312
-0.02082989
0.8072804
1.046363
1.131909
0.9202321
0.3716858
0.8823944
0.1819006
-0.07768095
0.5106587
0.03538809
0.7015683
-0.1480088
-0.02499289
0.1430056
0.4562308
0.00929479
0.3548314
-0.3715447
0.7067002
-0.03525766
0.9086212
0.4824919
-0.2163458
0.08145771
0.4898878
-0.1056858
0.5848855
0.1206697
0.6988074
0.5687424
0.4599095
0.09426487
-0.1396171
0.1932726
0.4323595
0.1182833
0.1687424
0.4413868
0.04932285
0.3120316
0.6106721
0.1367356
0.05976121
0.5386354
0.7020071
0.07098724
0.2589252
0.1347109
0.4860517
0.2650764
-0.1226209
0.4632744
0.2085546
0.4252492
0.5710754
0.5623388
0.8691483
0.222735
0.8113932
0.7077611
0.4460936
0.9827587
0.2534671
0.8535081
0.5237919
0.3644223
0.9245939
-0.02082428
0.643267
0.4630108
0.2441511
1.484774
0.1104336
0.6544356
0.316073
0.5926501
0.536974
1.122639
-0.1572202
1.477226
0.2414039
-0.03092472
1.220463
-0.03533327
1.2101
0.8305602
0.9822948
-0.2419256
1.145824
0.237467
1.387148
-0.5954269
0.6263129
0.1373645
0.5686699
0.7755072
0.9139251
0.3636941
-0.1505799
0.8085921
0.4089501
-0.2611611
1.112134
0.5941106
0.4036057
1.125445
0.7832154
-0.09649633
0.5517217
-0.005254827
0.7927127
-0.3471773
0.8958867
0.3468732
0.6039582
0.2738516
1.086334
0.4292393
0.2923187
1.36557
0.6351747
0.9684458
-0.1302437
0.7531191
0.3253846
0.1619441
1.512985
-0.0722384
0.6914731
1.136174
0.137429
0.4847659
0.273541
0.6606961
0.2112271
0.6364501
0.330923
-0.004221861
0.6461404
0.1735444
1.147769
0.3993271
0.2188496
0.7015499
0.2986029
0.4832356
0.2009525
0.6588623
0.6034356
-0.2045876
0.4311904
0.2564083
0.8443185
-0.3920622
0.3192666
0.2798828
0.5867058
0.122313
0.1783879
1.631254
0.8338536
-0.3297674
0.2200806
0.142527
0.1103845
-0.3094639
0.3002362
0.9146385
-0.01568671
0.9141735
0.477882
0.7428824
-0.1281592
1.013331
0.3319158
1.061992
0.4781628
0.4908371
0.1112977
0.1971192
0.6132459
0.1347708
0.7982492
0.6669594
-0.1050193
0.672173
-0.03428004
0.6883871
-0.3959307
0.7808063
-0.03922873
0.1992185
0.2156588
0.1319631
0.4523696
0.05811761
0.6307981
1.573193
0.8221407
0.5271661
0.7542972
0.7703032
0.06718641
1.104551
0.3249722
0.453904
0.4337549
0.4448592
0.4302092
0.6248034
0.9897766
1.275455
-0.01161828
0.1266448
0.7260633
0.4812248
0.1681871
0.8560793
0.2106244
0.0380824
0.02200195
-0.753403
0.3453269
0.05906421
0.3947379
0.1853819
-0.2480528
0.8332758
0.4634876
0.4391474
0.3024985
0.5703164
0.2484302
0.3727333
0.6564763
-0.6862329
1.099654
0.2724253
0.869019
-0.02763425
0.1715385
0.8614105
0.3454531
0.5523037
0.4325946
0.01596818
0.6838475
0.719327
0.05371066
0.5907617
0.3075941
0.6830092
0.6505001
0.08510418
0.6276911
0.4863869
0.4776822
0.4244909
-0.01425143
-0.06778741
0.7403458
0.5045595
0.6487403
0.4654547
0.6904742
0.05234063
0.7111184
0.4420732
0.190012
0.8595962
0.4818958
0.169371
0.6734712
0.4882241
0.08768425
0.4210149
0.4808923
1.092795
0.2950438
0.2402852
0.4537986
0.3293864
0.3047562
0.6674175
0.8228346
1.08443
0.6350015
0.3914266
0.6804297
0.6221278
0.843163
0.3303193
-0.01625347
0.2934096
0.8713792
-0.09003527
0.5891122
0.2475449
0.6121975
0.3228265
0.4257243
0.4970045
0.06820698
0.4522439
-0.04488454
0.2321407
0.4332869
0.147973
0.3042244
0.8069979
0.8013125
0.1525758
