-0.9067172
-0.4920006
0.2124589
-0.9453013
-0.2871449
0.3676884
0.1394126
0.7132955
-0.5504301
1.255016
-0.3123524
0.01594674
0.06432494
-0.1115943
0.9604334
-0.03022501
0.1049468
-0.5282402
-0.5873454
0.3642534
1.153733
0.09937557
-1.109684
0.5288427
0.03532017
0.1204919
-0.43113
0.2595102
0.9370781
-0.7884529
1.036345
0.1356924
-0.3506234
0.8788014
1.090683
-0.6918469
0.06049036
-1.419658
-0.8452804
0.3892574
0.2384232
-1.447974
0.2674944
-1.131403
-0.5811625
-0.2633859
-0.9354216
0.6660709
-1.029183
0.123243
0.1210941
0.4086251
-0.7365469
0.4018038
0.0943205
-0.9623824
-0.4012977
-0.1343645
-0.7596154
-0.2584669
-0.5790264
-0.1146135
0.1005529
0.07343096
0.5165692
0.3945543
0.04751268
0.3804399
-1.160284
0.3396488
0.1162073
0.8854395
-0.2551004
-0.4047306
-0.2154984
-0.9937936
-0.3457725
-0.2546922
-0.151121
0.3007746
-0.337149
0.8618377
-0.2499797
0.1717646
0.172663
-0.7368295
0.8100476
-0.3039297
0.136116
0.01045071
-0.2304581
-0.4875578
0.655777
-0.04609023
0.0001123999
-0.2071636
-0.3187552
0.2259253
0.05657062
-0.09045788
-1.244629
0.02784225
-0.2766484
-0.5659548
0.2517093
0.1833552
-0.432261
-0.1813507
-0.5975358
-0.1278573
0.2103503
-0.339769
-0.5762124
0.6936858
-0.727886
0.3128415
-0.6819057
-0.1084698
0.06555575
0.002423088
-0.2113116
-0.615011
-0.08503182
-0.2370364
0.2100307
0.01321708
0.2217568
-0.2832441
0.1670159
0.2413846
-0.1728375
-0.2931662
-0.2161401
0.2898214
0.07309582
0.3735476
-0.4290307
-0.04724986
-0.3753169
0.1129054
0.3142286
0.4442604
-0.2210693
0.0448503
0.2376019
-0.1131354
0.2247029
-0.5953581
0.1523605
-0.09435732
0.03242092
-0.2480632
-0.1148721
0.1621472
-0.2588771
-0.1534484
-0.05235913
0.08820661
0.02135066
0.2721518
0.0678045
0.5926406
0.2993386
-0.6508386
0.3196022
-0.2511552
-0.1383292
-0.6017557
-0.08761484
-0.131206
0.04743305
0.7788799
-0.2263608
-0.2085538
-0.1915097
0.1850656
-0.4248795
0.3204785
-0.839719
-0.4441218
0.1352004
-0.4933131
0.05241985
-0.1272505
-0.01681682
-0.188475
-0.2009762
0.5711392
-0.1111771
0.30491
-0.2905179
0.1881451
0.2990572
-0.07825783
-0.1941184
-0.6224608
-0.6035253
-0.1362385
-0.1668801
0.01520691
-0.2865883
-0.05700187
-0.3962898
-0.8107363
0.3805381
0.01464516
-0.3029739
-0.2670147
0.08975744
0.03249766
0.3996896
0.1150995
0.1246484
-0.08804338
0.4625454
-0.1577729
0.07681541
0.4172179
0.3018016
-0.3390653
0.2841357
-0.03244118
-0.6479037
-0.03692077
-0.02514264
0.09321435
-0.2924215
-0.2403059
0.3287403
-0.2318138
0.1593015
-0.4609542
0.1114912
-0.1679032
-0.2153889
-0.04205957
0.05789197
-0.257186
0.2144832
-0.01041645
-0.03605297
0.02342394
-0.2689881
-0.1689602
0.04760297
-0.1408748
0.7543698
-0.6409193
0.2341477
0.2631564
-0.1009474
-0.126662
0.0547985
-0.1400265
-0.1928039
-0.008710636
-0.1849998
-0.02788242
0.3287513
-0.1433198
-0.1865119
-0.1206081
-0.4959233
0.1338506
0.006189963
0.09762367
0.05847373
0.05498738
-0.2901715
0.111077
0.01898295
-0.1053304
-0.02109209
0.1115049
-0.1395047
-0.07236862
-0.06106908
-0.02213127
-0.006938861
0.08622261
-0.0006301015
-0.1120467
0.4660477
-0.2744552
0.1806823
0.0005386846
-0.5585781
0.1913134
-0.6314268
0.247936
0.1811712
-0.1247115
0.1046291
-0.1198185
-0.1283787
-0.09829326
-0.1858207
-0.2366355
0.008994373
-0.01955204
0.1839552
-0.06269923
-0.04232015
-0.1160742
0.07782588
0.05857521
-0.1296689
0.07821625
-0.04736404
0.02401205
0.1416975
0.1002657
0.08287332
-0.01968767
0.1613453
0.1736321
0.5566342
0.08957446
0.3321267
0.2873864
0.1041782
1.245183
0.4412761
0.340635
0.7457839
-0.9100049
0.939589
-0.2215428
0.5497574
0.4399076
-0.9739947
0.07997473
0.4713682
-0.2040018
-0.1219217
0.5434096
-0.4798934
1.020959
0.4465308
-0.88221
0.3931864
-1.15336
0.3788228
-0.2121736
-1.063302
0.02151234
-0.224841
0.5742283
-0.2794903
-0.4919402
-0.3498172
0.5448211
-1.116072
0.3746398
-0.07785081
0.8815787
0.51199
0.1327365
-0.07619267
0.5731453
-1.213451
-0.04060635
-0.7643149
0.8920607
-1.160315
0.7535668
0.4044096
-0.1973142
-0.1520737
-0.07262977
0.1463141
-0.07267467
0.04519661
0.916732
-0.004504075
0.07027847
0.3486946
-0.1303542
0.2380189
0.01275581
0.07708269
0.3026752
-0.3287247
0.3880075
-0.08195722
0.06805045
0.04235773
-0.00971944
-0.2705864
-0.04333802
0.1499128
0.2755146
0.2120202
-0.0141249
0.09820428
-0.1792796
-0.1562073
0.309851
0.152844
0.0519199
0.2136548
0.07832219
-0.6751212
0.2012267
-0.06836643
0.4784476
-0.0429975
0.02825099
0.3346594
-0.02003566
0.07057027
-0.1389373
-0.2264911
0.1631843
-0.1611984
0.09041041
0.1893385
-0.1890665
0.970066
0.110172
-0.06353619
0.07317974
0.2098083
0.1867066
0.398706
0.09645873
0.3409653
-0.1572436
0.07895546
-0.02805396
-0.2934219
-0.03401266
-0.1324927
0.3386189
-0.02340087
0.06609608
0.4510193
-0.108308
0.2422287
0.2597356
0.2822649
-0.09558589
0.2196804
0.3912852
0.11364
0.1852783
0.1300801
0.2311183
0.03914868
-0.04159956
0.1231264
-0.08007568
0.1463478
-0.01014472
0.04412777
-1.279619
0.3722703
-0.4935981
0.03881492
-0.1031523
0.02743997
0.08287538
0.2361968
-0.2180125
0.594313
0.01176731
0.07233997
-0.1490979
0.1114121
-0.190174
0.07521419
-0.007645454
-0.02198299
0.0732813
0.1990944
-0.1321471
-0.2689493
0.1142422
0.5189463
-0.0324192
0.2892808
0.03576139
0.4428467
-0.158154
-0.6322082
-0.1147317
0.0785445
-0.5138588
-0.03503267
-0.06479166
0.5999854
-0.9231045
0.08380727
-0.1221199
-1.10362
0.2220229
-0.9015961
-0.2663188
-0.01175439
0.5180276
0.7510566
0.5229842
-1.089
0.03843378
0.3078106
0.4088147
-0.436757
-0.06891283
-0.08545533
-0.7395019
0.3781292
0.09471043
0.1326105
0.4267929
-0.1635488
0.2097484
-0.15549
0.6372633
-0.4949864
0.1331709
0.07490017
0.07599741
0.1749777
0.301497
-0.2125521
0.3516385
-0.2579263
0.08654769
-0.3788373
-0.1346389
0.05182185
-0.3384541
0.227173
0.1507824
-0.127453
-0.5405408
0.2330814
0.4629233
-0.1701329
-0.3885211
-0.5776317
2.036948
-0.3848734
0.4418715
0.7253359
0.09644939
-0.003414166
-0.4364434
0.6859473
-0.5777969
0.2356031
-0.02741916
-0.4587655
-0.2014746
0.5469952
0.5984246
-0.1132035
0.3844338
1.151301
-1.173368
1.104027
-0.167248
-0.8550598
0.3119069
-0.02838931
-0.1844898
0.3874992
0.5555578
-0.269218
0.2305533
-0.001965251
0.7190611
0.07160111
0.2098423
0.01269767
-0.223601
-0.003515922
0.002193949
-0.1177852
0.007951812
-0.4633328
0.3657033
0.03231888
0.09654339
0.4683457
0.5820929
0.0233805
0.2605918
0.4789787
0.6977356
-0.4543896
-0.09046035
0.03989915
0.00572765
-0.4474563
0.4963588
0.4420994
0.2601563
-0.2374047
0.3645774
0.05363047
0.3095801
0.3382334
0.572338
0.268972
0.02944831
0.1132559
-0.04094018
-0.5243106
-0.07214444
-0.01296101
0.1272998
0.3197624
-0.04043917
0.1616539
0.2318896
0.2509715
0.1278244
-0.06184786
0.2318656
0.236068
0.1457531
0.1959243
0.1094619
0.09657816
0.03784275
0.2798382
0.3456544
0.08066251
0.3640786
1.174925
-0.0229128
0.4589547
-0.1903899
0.1072389
0.431821
-0.2086353
0.2510622
-0.02316397
0.4772674
0.2227946
0.02609586
0.4442532
-0.2201855
0.08310965
-0.3303191
0.1764771
0.3917431
-0.02680845
0.1242069
0.07430032
0.3623099
0.3936859
0.01733211
0.32705
0.09804436
-0.1330498
0.2145085
0.3789615
0.6088328
0.3450643
-1.375927
0.115445
0.06204871
0.4850624
-0.4913529
0.2765548
0.009344897
0.09700079
0.2033928
0.2392858
-0.05487639
0.2709294
0.110636
0.2771382
0.5272449
0.05808587
-0.06059201
0.3525458
0.1043207
0.2605631
0.3492324
0.2590303
0.02895269
0.1907206
0.3810824
0.1511596
0.1804503
0.6617518
0.6800373
0.1401551
0.6408113
-0.4892556
-0.1088143
-0.1819617
0.2570694
-0.07416235
0.4536791
0.196468
0.3059778
0.1371041
0.1067878
-0.09225501
-0.03656698
0.2690273
0.03987868
0.2990347
0.3116531
0.189848
0.126206
0.1690445
0.4270607
-0.02280035
0.4951307
0.5379494
-0.6180563
-0.1499753
0.08706109
0.2306595
-0.2910129
0.7031179
0.2905516
0.2716628
0.1465461
0.1396026
0.2056073
0.05728043
0.2756759
0.1568048
0.120746
0.5313991
-0.3527225
0.267978
0.1681242
-0.2548905
-0.02196997
0.7757227
0.3114441
-0.207559
0.623151
-0.1154463
0.3039664
-0.4476674
0.3460542
0.1473124
-0.02392765
0.1782701
0.3646421
0.362037
0.0670388
0.2501423
0.5292659
0.1640012
0.1116882
-0.1459323
0.01486441
-0.1443849
0.795937
-0.1189188
0.1977147
0.07679872
0.2169142
0.1808359
0.3381187
-0.1851742
-0.03015118
0.3362379
0.1139335
-0.02627593
0.5215901
-0.1606689
0.2190161
0.272749
0.1102312
0.5630698
0.1574334
0.4342748
-0.08303651
0.6425228
0.008946865
0.08439082
0.2831943
-0.08188727
0.5552505
0.5290602
0.5105488
0.0674952
0.4229341
0.1914355
-0.04734937
-0.233931
0.3071241
0.1822684
-0.002236499
0.08740449
0.5026507
0.8979463
0.02811102
0.378005
0.04077274
3.470277
-4.824648
0.6320715
-0.4591003
0.5853459
0.198183
-0.2848508
-0.8635123
-0.1674503
0.3200733
0.8501411
-0.855772
0.006931243
0.2152376
0.1613621
0.8785001
-0.5922014
0.7674099
-0.6797009
0.02890135
-0.2838053
0.3752312
0.09813939
-0.01731459
0.3858257
-0.4816069
0.5916064
0.0907416
0.3058655
0.6476861
0.2390292
0.2510075
-0.2289229
0.06155375
0.485594
-0.7160922
0.1264108
-0.08149862
0.320479
0.454596
0.133206
-0.2838167
-0.1752771
-0.01460477
0.2152276
0.08330087
0.3966596
0.2710625
-0.9449232
0.4662601
-0.2317932
0.06556137
0.4996802
0.1838728
0.110688
0.1829369
-0.9939269
0.6210167
0.3498395
0.2760727
0.301508
-0.06549032
-0.1635732
-0.2309751
0.7259013
0.1238945
-0.05250243
0.2371946
0.1595987
0.4950349
0.6383431
-0.01599711
0.2234599
0.5753086
-0.6027907
0.2677223
-0.05817805
0.1706517
0.5287291
-0.04371847
0.3737518
-0.4276094
1.73798
0.1720908
0.2365313
0.3460423
0.0599616
0.2315799
0.2084683
0.3896524
0.1545301
0.7711174
-0.0009534901
0.2043507
0.4400635
0.06498221
0.1505702
0.2822507
0.3660318
0.3397797
0.2237343
0.280307
-0.1280693
0.3093465
0.581668
0.274075
0.3314016
0.3679932
0.2189184
0.2297664
0.2972349
0.1719231
0.3715827
0.2660086
0.1388666
0.3348138
-0.00604722
0.4518776
0.1067123
0.3996084
0.1767922
0.44116
0.2491431
0.3115582
0.2394932
0.3270294
0.3167842
0.2271176
0.2282371
0.2405038
0.3496833
0.05276307
0.1341934
0.2381426
0.3287502
0.133349
0.0455406
-0.6114497
0.1074112
0.02617468
0.0112021
-0.05867021
-0.05780413
0.8260774
0.1036378
0.3895356
-0.2327167
0.464708
0.3810919
0.1822565
0.3622267
0.1509547
0.7580626
0.1924982
0.1877792
0.3958757
0.2738486
0.2012091
-0.01734664
0.4152548
0.266409
0.2557448
0.5531324
0.082038
0.2849145
0.1991424
0.5836691
0.08946046
0.4037307
0.264491
0.4083334
0.09680102
0.423263
0.06200384
0.5704484
1.153295
-0.8207305
0.5248334
0.6159771
0.3024933
0.4361154
0.2419202
0.1179576
0.2304484
0.2947567
0.3852008
0.02159679
0.258533
0.1242893
0.2035825
0.3144165
0.2465804
0.4330837
0.7956125
0.1106287
0.5642707
-0.144646
0.2747655
0.2456753
0.2844364
0.4749142
-0.1289601
0.4771318
0.4912269
0.3409887
0.3683299
0.1711189
0.2379554
0.518723
0.2638058
0.0909473
0.2332951
0.09710952
0.1559976
0.2126026
0.1405471
0.3062937
0.2733017
0.486792
0.203901
0.2362393
0.1792018
0.2125652
-0.3660373
-0.4006609
0.2481679
0.1605984
0.4479522
0.32997
-0.04152708
0.4304449
0.1971166
0.3982288
0.1953128
0.1820382
0.5554697
-0.04399821
0.4323012
-0.5665345
0.5012509
0.7307531
0.007234478
0.3966496
0.4257102
0.08730748
-0.1704189
0.4313851
0.4456814
0.4085622
-0.03961118
-0.1311814
0.3503275
0.2702919
-0.1629581
0.4136667
0.4710394
0.01883739
-0.09762924
0.5624086
1.042731
0.3970411
0.2649147
0.03019706
-0.2393923
0.897421
0.01239519
0.3215709
0.6409812
0.1070157
0.4103602
0.630529
0.786285
0.1437563
0.4104077
0.2681317
-0.03067737
0.07722394
0.3135332
0.2849077
-0.5637563
-0.2715241
0.07718979
0.09759297
0.2988639
0.6219789
-0.5213887
0.6745056
0.05716304
-0.02909327
-0.1976897
0.5338303
0.04216657
0.3245481
0.1857974
0.5010953
0.1104976
-0.4824479
0.183931
0.5242862
0.3359137
-0.5353813
0.2234271
-0.1226113
0.3512567
0.7372075
0.6500783
1.20395
-0.6223757
0.1067086
1.005522
0.6808324
0.3885992
-0.02325472
0.608873
0.1061561
1.73601
-0.5477507
0.6019067
0.278725
0.5034243
0.2096531
0.7055809
-0.5518991
0.234502
0.202852
0.4463126
0.2053403
-0.1185235
-0.08292618
0.7785994
-0.1146961
0.5008406
0.07630231
-1.338439
1.194267
0.4846076
-0.5048698
0.5844739
0.1706323
0.2070383
0.3244973
-0.05047702
-0.1577124
0.4834567
-0.48153
0.5856923
0.2602631
0.7541914
1.117219
0.2940559
1.289301
-0.01761709
0.9284526
0.6939037
-0.3185193
0.7234288
0.3229763
0.6824327
0.1470832
0.2242493
0.02432536
0.3909518
0.223479
0.3253816
-0.3286573
0.3687165
-0.2608672
0.7232269
0.4906609
-0.1957417
0.2596549
0.7855686
0.2367129
0.2600175
0.3736564
0.6934342
0.209661
0.6072036
0.5047502
-0.3125698
0.4580883
0.2111308
0.1120813
0.1560337
0.4321022
0.4793544
0.2424347
0.7502944
-0.01664602
0.2351896
0.658677
0.6816535
-0.07057399
0.4612771
0.1601205
0.6481582
0.3528916
-0.1460609
0.5532619
0.3712142
0.6249037
0.5151891
0.6587838
0.3902566
0.02478053
0.7205714
0.6663825
0.4910541
0.6822575
0.4228048
-0.07257821
0.3526227
0.491863
0.7207574
-0.2324366
0.5974601
0.5868113
0.4635057
0.7326237
-0.4431196
0.6126693
0.2228248
0.3075464
0.5613159
0.9258062
0.09015875
1.649256
-0.9141081
0.7426339
0.8504182
0.00716715
1.221157
0.9668367
1.606354
-1.907133
0.8266809
0.7669356
1.07021
-0.02951331
0.811757
0.118015
0.6065375
0.9667064
1.116748
0.08999048
-0.0968335
0.8425525
0.2592099
0.03075988
1.02942
0.7131025
0.6130785
1.181472
0.1186641
-0.7505583
0.6616422
0.1263568
0.7655083
-0.4766921
0.1750591
0.6463178
0.7639764
0.4055155
0.9253218
0.5921586
0.3235265
1.33936
0.4100861
0.2853507
0.2034092
1.106551
0.4212674
0.09631789
0.6179657
0.1970606
0.5843074
0.8188257
0.3992609
0.1996775
0.2913807
0.6840153
0.1894577
0.6218375
0.3694186
0.2866149
0.4510442
0.1879201
0.6160231
0.5464636
0.4364266
0.6052467
0.5748987
0.3231855
0.3812217
0.7893663
0.7024513
-0.1229369
0.391672
0.1623941
0.5628999
0.2407788
0.6574783
-0.2313953
0.4015896
0.4720518
0.0677703
0.9669549
0.607611
0.3167487
0.5309308
0.05558609
0.1643299
-0.1377326
0.1710689
0.8582582
-0.313091
0.5272956
0.5337777
0.5767388
0.001539888
0.6568346
0.5658893
0.6111913
0.5560836
0.3467263
0.02472359
0.004600661
0.5160287
0.1765979
0.418313
0.651456
-0.02118175
0.8910283
-0.05458655
0.5290497
0.6398388
0.5607603
0.1322822
0.0955175
0.5361834
0.05252444
0.5789824
0.1827892
0.2737492
1.400995
0.6592849
0.1834062
0.7096929
0.6205949
0.2984523
0.7652815
0.01957238
0.2441532
0.4254879
0.5438889
0.4316533
0.7030685
1.27239
0.5553192
0.02216033
0.1631631
0.8508782
0.3828513
0.3207618
0.9049751
0.2322157
0.1720383
0.1924253
-0.3669502
0.565267
0.1376373
0.3227751
0.2388087
-0.1458635
0.7041823
0.4292532
0.2989945
0.5256882
-0.01006924
0.7353417
0.165826
0.5059553
-0.2996786
0.6828192
0.4073505
0.5792417
0.1211315
0.2781078
0.9580541
0.6601487
0.4529341
0.6021612
0.2376527
0.8696854
0.8004941
0.02270557
0.3427981
0.4686171
0.7114991
0.5276965
0.09625736
0.6449832
0.700794
0.5677235
0.3880641
0.3156937
0.2218617
0.8738984
0.6394765
0.4197222
0.4479597
0.534574
0.4243764
1.081583
0.7328412
0.2294974
1.111837
0.4683272
0.3362805
0.6147917
0.6021978
0.1635936
0.5322225
0.3617985
1.23654
0.2470136
0.02948389
0.9229411
0.5074764
0.4073981
0.6166998
0.7922179
1.206829
0.3924595
0.3044669
0.3816854
0.6640286
1.078977
0.4602404
0.004764039
0.6025654
0.927213
0.152365
0.406632
0.7732772
0.7032039
0.2040709
0.5297898
0.2077562
0.1881043
0.3507457
-0.09931154
0.537348
0.6197382
0.3466837
0.4116697
0.8603341
0.6638713
0.05931085
