3.279691
3.187595
3.134417
3.070063
3.284214
3.204551
3.250799
3.15356
3.061554
2.972747
2.941357
2.957237
2.97102
2.894338
2.812334
2.734199
2.715591
2.64164
2.608746
2.62528
3.725792
3.805035
3.771036
3.668325
3.558801
3.450935
3.352208
3.273529
3.190523
3.101552
3.010714
2.929385
3.082613
3.000508
4.27177
4.134812
4.049222
4.033982
3.909026
3.790189
3.709198
3.665794
3.557012
3.451261
3.357693
3.503195
3.412689
3.849726
3.763925
3.646886
3.698933
3.721995
3.693699
3.632647
3.590691
3.542271
3.434754
3.462168
5.13839
5.073289
4.896266
4.821575
5.1053
4.93764
4.823661
4.681339
4.552885
4.941896
4.989931
4.863863
4.705505
4.609198
4.635627
4.490984
4.510922
4.367069
4.256965
4.131592
4.044923
3.925876
3.898038
3.793634
3.740054
3.631728
3.523441
3.687582
3.582406
3.478205
3.38225
3.399998
3.308191
3.221454
3.141649
3.052859
3.032125
3.247972
3.153706
3.150458
3.070429
3.006336
3.359434
3.267772
3.252015
3.241009
3.163089
3.074142
3.025927
3.023656
2.977916
2.896097
2.875678
2.851649
2.784042
2.709851
2.716783
3.016042
3.005716
2.944329
2.958265
2.961819
2.928068
2.848304
2.826214
3.058094
3.553188
3.490795
3.414993
3.487963
4.558198
4.447278
4.599579
4.454153
4.315833
4.237433
4.24968
4.271071
4.152008
4.280896
4.359929
4.30538
4.169547
4.107594
4.098028
3.988822
3.865882
3.762668
3.69233
3.593625
3.507666
3.987538
3.892149
4.131499
4.021047
3.946891
3.822639
3.703225
3.80963
3.693493
3.675618
3.566791
3.576081
3.542135
3.829007
5.644208
5.508743
5.340008
5.757288
5.56198
5.725987
5.911083
5.708208
5.513911
5.41317
5.415234
5.234997
5.065924
4.930061
4.788549
4.677274
4.533062
4.403419
4.361054
4.222452
4.086494
4.150899
4.017698
3.919739
4.050413
3.921627
3.798476
3.797032
3.881782
3.883439
3.954119
3.862385
3.754925
3.668655
3.591008
4.053779
4.124359
3.994955
3.870404
3.792806
3.690099
3.577799
3.795392
3.681844
4.157589
4.190966
4.056383
3.9199
3.822073
3.706237
3.609753
3.509487
3.416361
3.404427
3.326688
3.236337
3.226357
3.214518
3.238455
3.146104
3.097353
3.011718
2.934653
2.86914
2.809317
2.80309
2.740513
3.807813
3.695236
3.613308
3.507524
3.405451
3.312713
3.222978
3.529249
3.447598
3.41437
3.445786
3.393867
3.304757
3.211702
3.131475
3.050677
2.973503
2.906874
3.149392
3.119767
3.033816
4.061045
3.966541
3.849771
3.792466
4.51259
4.369456
4.290453
4.154556
4.043053
4.024095
3.899481
3.888496
3.829094
3.928566
3.808412
3.732339
3.626013
3.560072
3.459596
3.391716
3.304476
3.220079
3.136246
3.073952
3.08442
3.161447
3.080581
3.01193
2.993334
2.921628
2.845524
2.806624
2.739695
2.674211
2.625997
2.577615
2.523833
2.478063
2.45516
2.418029
2.386134
2.34006
2.296299
2.250837
2.262028
2.23794
2.410506
2.54942
2.551627
2.490403
2.449283
2.403916
2.359233
2.307486
2.302479
2.253574
2.532763
2.485115
2.475602
2.458803
3.57978
5.280855
5.69263
5.536896
5.371766
5.255339
5.093042
4.943383
4.793114
4.634348
4.48205
4.336017
4.254579
4.212103
4.132551
4.051865
3.923406
3.803251
3.687555
3.598006
3.509287
3.421449
3.537444
3.439571
3.340613
3.260314
3.181863
3.099375
3.017696
2.962725
2.941718
2.865898
2.791105
2.721078
2.659487
2.744859
2.677272
2.698875
2.881595
2.809662
2.738225
2.715587
2.741868
2.674293
2.609069
2.54822
2.490315
2.434403
2.384771
2.307197
2.275901
2.230744
2.185374
2.145667
