0.1762367 -0.08723523 0.2603687 -0.8047762 0.5131687
0.4793331 0.6729344 0.2125566 -0.1169496 1.213582
-0.6550695 0.3192122 0.4714437 0.009423585 1.719725
-0.4615853 0.4790617 -0.2928819 -0.5240828 1.285047
0.1821431 0.1413356 -0.2518001 0.5410279 0.0553033
-0.07200991 0.03465287 0.6600276 0.7913202 -0.2367616
1.260062 -0.1320267 -0.01822819 1.033791 1.184352
-1.203521 0.9195897 -0.8722683 0.1968074 0.2773133
0.5956818 -0.8710206 1.007127 -1.140606 0.3190322
-0.03746488 -0.4591021 0.9676322 -0.7985252 0.5748002
0.5432139 0.4899222 -0.2430066 0.7476223 -0.02161525
-0.364197 0.2125707 0.3597374 -0.3942338 0.3475577
-0.2222314 0.3165548 0.163118 0.6800286 0.5561989
0.5082191 0.07273687 0.6091956 -0.7292613 0.9348967
-0.1927254 1.206991 -0.392771 0.4405529 0.4528291
-0.3256784 0.001132955 -0.04557794 0.2890054 0.2794852
-0.06228282 0.6322075 0.02946483 0.543647 0.3510187
-0.07516114 1.171935 -0.008097919 0.1590051 0.3090245
-0.182055 -0.08193702 0.9765436 -0.1749864 0.5339824
-0.3547416 0.2605376 0.4246485 -0.02765698 0.1354621
-0.9585971 0.7300863 -0.2179276 -0.008761572 0.5469474
0.1727704 -0.1236038 0.2025843 -0.4283418 0.402387
0.1777537 0.03344925 -0.4199884 1.110933 -0.6367291
0.8540248 -0.5345788 0.445851 0.186595 0.3192679
-0.05496687 -0.170192 0.3556034 -0.0254047 0.4415594
0.2733399 0.2847943 0.006366237 0.5124601 0.5703125
-0.08042593 0.08489736 0.2225877 0.3369547 0.2222686
0.4373813 -0.1473618 0.323344 -0.1895978 0.4598326
0.4493574 0.5357904 -0.08023696 0.4194074 0.1933705
0.1503712 0.4535761 -0.3815622 0.514721 -0.09871208
0.2648032 -0.008377093 0.1829268 0.3998482 -0.07601431
0.241979 0.1092104 0.2718058 0.2559378 0.9249462
-0.3004996 0.7873902 0.1989607 -0.2973802 0.7125123
-0.2072516 0.4025264 -0.2775797 0.3442507 0.06612133
0.271126 0.946847 -0.3442715 0.4261379 -0.0801522
0.5228388 -0.07421295 0.6615949 -0.5504178 0.2631914
0.1780408 -0.1743265 0.4612087 -0.06348387 0.3535542
-0.001018183 0.05449238 0.2915179 0.1643053 0.6242617
-0.1522205 0.5030011 0.05657213 0.1849998 0.03622319
-0.2605763 -0.3435806 0.3400139 -0.01335404 0.4096708
-0.02295445 0.2728096 -0.2337569 -0.3586501 0.6399049
0.1837674 -0.09256027 0.2482228 0.1485966 0.2361799
0.5831598 0.113937 0.2730347 0.2509731 0.5947989
-0.04961071 0.3800043 0.3336476 0.6321915 -0.3806689
0.9240134 -0.2887426 0.2785886 0.1996725 0.2383629
0.0336849 0.1769667 -0.1827638 0.5797936 -0.1353207
0.5982127 -0.3178882 0.5468277 -0.2157762 0.1517624
0.1174266 0.2365888 -0.1119142 0.104282 0.2521026
0.1906435 0.1274811 -0.02550398 0.1473311 0.2250803
0.03739965 0.9729769 0.02847658 0.3868229 0.3415811
0.01644926 0.160419 0.1943135 0.1079463 0.0004493481
0.2633431 0.08274344 0.2301313 0.4631121 -0.07797454
0.2154078 0.01985236 -0.09717052 0.3495036 0.1010379
0.355455 0.2637998 0.0995767 -0.08079592 0.3574569
0.1340806 0.1544223 0.2042242 0.2563569 0.1677778
0.06931389 0.1602991 0.2114932 0.1356307 0.1394419
0.2327476 0.1804745 0.6089309 -0.07912503 0.2583995
0.08170248 -0.1428879 0.4146832 -0.122714 0.4017686
0.1429873 0.1191074 0.2536588 0.1484688 0.2057255
0.1834562 0.1927317 0.1053053 0.2613474 0.1820169
0.3128182 0.08675359 0.1675801 0.1112883 0.2098442
0.1605029 0.06665001 0.2543146 0.04132457 0.1606533
0.288597 0.2111731 0.1474951 0.1382432 0.2003945
0.2922486 0.9098929 -0.07293376 0.3083548 0.1270309
0.1648167 1.321966 0.2330681 -0.01492389 0.7703047
-0.3140046 1.364253 -0.6859535 0.969211 -0.2765784
-0.4335891 0.3970162 0.5583201 -0.3379129 0.4635891
0.6270415 -0.4134169 1.065602 0.2662865 0.2767872
0.1672593 -0.1688647 0.4953701 0.2930939 -0.08611341
0.6463451 -0.008622545 0.4722116 -0.1815543 -0.2065702
-0.03933249 0.2930867 -0.783019 0.9759549 -0.4486878
0.5107784 -0.07797932 0.7679216 -0.1250159 0.7792797
-0.9580689 0.8799669 -0.3073518 0.9050743 -0.7136105
0.3857463 0.5741082 -0.06345694 0.07261962 -0.0941437
0.3071749 0.1997031 0.1225441 1.002603 -0.2125873
0.3417082 0.3546991 -0.208504 0.4648372 -0.04432313
0.1970365 0.2736713 -0.08513187 0.6271296 -0.05237876
0.2105344 0.1986058 0.1169728 0.2073465 0.108318
0.2718817 0.3544195 0.1697385 0.0950405 0.2689017
0.02123531 0.1458953 0.2866603 0.1311634 0.169239
0.3100682 0.1315939 -0.4330855 0.4468275 -0.09130171
0.5053376 0.01863177 0.2228982 0.2576289 0.08868455
0.1849608 0.0380548 -0.26508 0.3021841 0.004722566
0.2401255 0.09923852 -0.1345815 1.022813 -0.3003865
0.4103442 0.0490704 0.2011871 0.09501901 0.3409136
0.114092 0.3685279 -0.2041758 0.3359277 0.08312935
0.2266573 -0.02224197 0.1916445 0.3525258 0.01295909
0.2423245 0.221869 -0.04657749 0.1121595 0.2532338
0.2078594 -0.0002764143 0.2018702 0.3177928 0.07834432
0.248162 0.1684334 0.2872303 0.1016756 -0.0004910631
0.2749195 -0.03314483 0.2448646 0.1109338 0.1016348
-1.176179 0.6897106 -0.01356737 0.02528078 0.1789112
-0.03436562 0.1370768 0.3984336 -0.1870891 0.7460689
-0.1555652 0.3396929 -0.01061051 0.4169943 -0.1796288
0.2966856 0.02586732 0.2044543 0.1423933 0.2429423
-0.03287188 0.01706475 0.363378 0.4360847 -0.1399182
0.2570036 0.1112972 0.2220762 0.2580901 0.03714557
-0.124045 0.02981852 -0.003410464 0.2845345 0.1265753
0.265149 -0.1400266 0.08567087 0.02714327 -0.8009049
0.8448614 -1.101368 0.5895714 -0.241321 0.6645204
0.459756 0.1653794 -0.8842954 0.8655472 -0.09858008
0.6271282 -0.2944158 0.2704116 0.06573949 -0.5079523
0.4591456 0.08452149 0.263631 0.5007017 -0.2608566
0.3762157 -0.09793452 0.8871642 0.2585976 0.03795069
0.2049853 -0.03775819 0.360188 0.3660538 -0.3120328
0.4990723 -0.2743612 0.3143746 -0.3120393 0.209885
0.05425906 -0.107336 0.5061405 -0.1414652 0.08641
-0.3752524 -0.003067343 0.1195244 0.08139412 -0.3119892
-0.4203118 1.499256 -1.2697 1.168123 0.4601671
0.1879918 -0.01800852 -0.5663915 1.064406 -0.1247322
0.1076948 0.07295171 -0.3802456 0.2332863 0.433291
0.5695684 -0.327169 0.6961149 0.7826117 -0.6463427
1.619497 -0.7123752 -0.2284309 0.4461404 -0.1362529
0.432391 0.2461306 0.5208155 0.08783298 0.1101498
0.2469475 0.4289564 -0.0002765033 0.2827993 0.0522798
-0.2063848 0.1019683 0.0919835 -0.02103858 0.1706263
-0.4991035 0.7233872 -0.4395912 0.4345759 0.1399784
0.5665125 -0.1753034 0.4413616 0.41257 0.7033843
-0.2874958 0.3566891 0.1788837 0.09201054 -0.2764082
0.496155 0.4963269 0.05583157 -0.01042867 0.4516237
0.04397114 0.0418042 0.3798673 0.448138 0.2405184
0.0550301 0.2255541 0.02853926 -0.2977983 0.1841673
0.2037837 0.1573779 0.3850886 -0.05397234 0.3240676
0.1750693 0.3334891 0.04923351 0.0166086 0.3019647
0.1167172 0.2235201 0.1832442 0.2229183 0.1718097
0.09771229 0.2704983 0.2744082 0.08843641 0.4795852
1.036813 -0.1515199 0.6806489 -0.1767202 0.3041731
0.2643151 -0.1210774 0.305705 0.04421747 0.3603585
0.1772774 0.1706885 0.4508906 -0.3056105 0.412315
-0.3430315 0.4190431 0.3456982 0.0510336 0.2437653
0.07451289 0.3984057 0.2388503 0.05837216 0.3499379
0.0861276 -0.06982809 0.3033593 0.2924296 0.6849994
-0.007640371 -1.123466 0.2102665 -0.1054802 0.5823986
-0.1973652 0.5660185 -0.000714061 0.1659202 0.1256151
0.2709769 -0.04678245 0.3433819 0.06877472 0.3319614
0.4969129 -0.02033198 0.04365061 0.5118434 -0.06729447
0.3121326 0.2450387 0.2996202 0.09215906 0.1966729
0.4672655 0.08778162 0.2473593 0.5900153 0.3760575
0.03708043 0.6948416 -0.3191891 0.3475335 -0.3121117
0.4896681 -0.3346253 0.6208262 0.1236202 0.3080054
0.1100068 0.3081982 -0.1090156 0.1354298 0.2379636
0.1177883 0.3854468 0.1921136 0.1923347 0.1459746
0.1441645 0.4003645 -0.03206734 0.5582336 0.3162327
-0.7134465 0.728609 -0.131834 0.3770405 -0.3512428
0.6180716 0.03134158 0.299281 0.1083522 0.1456528
0.1150941 0.1136196 0.3639874 0.1532156 0.1558862
0.4551147 -0.4175043 0.4379473 0.03917429 -0.2166498
-0.06584043 0.3812521 0.316971 -0.2946892 0.5644043
-0.1794376 0.4116236 -0.6483 0.5386683 0.09442015
0.02466551 0.2373242 0.3383273 0.1518405 0.09302343
0.256276 0.3968694 0.03812944 0.323441 -0.1651013
0.04186001 -0.2100597 0.4221167 -0.1310451 0.4518115
0.01211215 0.2898232 0.1534866 0.2656593 -0.246121
0.2302064 0.1094478 0.1301815 -0.02434642 0.5067446
-0.2994514 0.3091862 0.1871952 0.06820533 0.5725434
-0.02443449 0.4400266 -0.3496155 0.8804809 -0.1613776
0.253628 0.157788 -0.08444705 0.5427369 0.2920858
0.5842481 -0.05546953 0.3935202 0.2288177 0.1427576
-0.1860919 0.480798 0.03581968 -0.05775705 0.2108154
0.3771484 0.8658184 -0.04579188 0.3115231 0.06679702
3.456212 -2.657627 2.08515 -1.009268 1.221898
-0.7845344 0.4922856 -1.150285 0.728325 -0.06507602
0.7792515 -1.044201 0.3883651 0.1583609 0.1012252
0.6622304 0.1046126 0.6771537 -0.7849693 0.5936238
-0.3242954 0.2113451 0.2314969 -0.009253563 0.3602931
-0.5973061 0.6808188 -0.2540143 0.4575208 0.5174689
-0.01630129 0.2337761 0.2208386 0.1108161 0.4982071
-0.5815423 0.6093831 -0.2939576 0.5352346 0.3363877
0.08293512 -0.1265929 -0.1038232 0.2745653 0.08649115
0.04208927 0.1450189 0.2178624 -0.953186 0.8411836
-0.3346347 0.2707318 0.1955707 0.1815795 0.028506
0.1236687 -0.5684833 0.6743609 0.1589623 0.880082
-0.006006492 0.01434501 -0.2210497 -0.07295371 0.68733
-0.126292 0.04790616 0.1841789 0.1272136 0.4163254
0.4432398 -0.04790573 0.2644811 0.5414796 -0.1706935
0.3841115 -0.2651001 0.04016815 0.3623637 -0.1545197
0.5352219 -0.6545319 1.106293 -0.3898888 0.3277229
0.2441971 0.09382495 0.1398915 0.157172 0.1849766
0.07076038 0.7268424 -0.2537321 0.3613062 0.2019174
0.07957689 0.1263304 0.2456499 0.2064625 0.2224552
0.103712 0.2613471 -0.2194753 0.4053026 0.3467527
0.1310234 0.2672118 0.2662624 0.0276782 0.1755491
0.2121464 0.06798582 0.3489908 0.1155722 0.1269767
0.2512218 -0.1131157 0.3802245 -0.08504495 0.4671372
-0.01471573 0.3060454 0.04820357 0.2825342 0.1076544
0.2545718 0.1890128 0.1448146 0.1690837 0.1382911
0.2298153 -0.06215237 0.1603615 0.1093877 0.2524368
-0.003915656 0.05449656 -0.6852221 0.6638264 -0.2027867
0.3456315 -0.08720215 -0.04392382 0.7835232 -0.2247467
0.3763252 -0.3302331 0.390703 0.1879093 0.04512905
0.2866455 -0.03011619 0.6124755 -0.1580545 0.1667083
0.1890563 0.1011093 0.1613959 -0.08644322 0.5231199
0.1411573 0.1168787 0.421611 -0.04082891 0.2817472
0.05042051 0.5275961 -0.09639977 0.3903581 -0.07343606
0.3288256 -0.07815085 0.3312206 -0.09537938 0.6637175
0.827804 -0.3647556 0.6463029 -0.1228343 0.2156281
0.3476484 0.01296861 0.1515163 0.1339235 0.1528975
0.265983 -0.1465691 0.2354609 0.01142693 0.2561579
0.1259321 0.09519183 0.3260036 0.4782269 -0.05886797
0.5051519 -0.3833273 0.4674873 0.002644619 0.214602
0.2110637 0.0427663 0.2793365 0.2414561 0.1694641
0.2021815 0.06021891 0.125828 0.3407149 0.04011814
0.03199558 0.1423989 0.003905496 0.1948888 0.04462171
0.3076069 0.1092933 0.1393202 0.3189493 0.07364704
0.1135997 0.01990761 0.1300465 -0.4168945 0.3275559
0.1284963 0.07014826 0.271942 0.1110976 -0.1677077
0.5477816 -0.1176447 0.242263 -0.002792312 0.2714911
0.2501457 -0.1516661 0.2495359 -0.7049669 0.5793249
0.3861686 -0.291627 0.4651162 0.0475178 0.02466905
-0.07893925 0.2740427 0.250301 0.1916723 -0.2269643
-0.1117094 0.2495493 0.1225795 -0.2007231 0.3248207
0.2268273 0.1673039 -0.1817531 0.5248391 0.6952174
-0.06628404 0.005068572 0.0323297 -0.4478429 0.8469709
-0.3342887 0.3105226 0.4384131 -0.1720931 0.237569
0.2241424 0.5113749 -0.0846604 0.4181307 0.1553915
-0.1737923 0.1718416 0.1291032 0.1237813 -0.6173209
-0.03070661 0.1584851 -0.07838252 0.414698 0.3185098
-0.2925911 0.5877731 -0.1980196 0.00183125 -0.3409933
0.4732279 -0.2134007 0.252888 -0.3181339 0.3851263
-0.04824337 -0.520051 0.2697933 0.387824 -0.4360099
-0.2319289 -0.2406133 0.1252981 0.2866696 0.5250004
0.5989785 0.2916585 -0.6886317 0.1813143 0.6696402
0.1082924 0.2421614 -0.04434917 0.4350999 0.1447369
1.258669 -0.8953516 0.8856372 -0.2074174 0.3497423
0.03336411 0.7658887 -0.9239176 0.4723018 0.02814658
0.5194898 -0.09716953 -0.1925379 -0.1511689 0.4721139
-0.2680083 0.1804284 0.248555 -1.484842 0.9381922
0.1061295 -0.3789917 0.5399561 0.02594607 -0.0100033
0.3718001 -0.1325775 -0.1885371 0.4283842 -0.6438196
0.5588573 -0.23987 0.8384469 0.6564535 -0.1864589
0.7703877 0.03115535 0.2648776 0.2964674 -0.6899159
0.7604122 -0.4237941 0.7715734 -0.1718156 0.3088902
-0.2439759 0.1355856 -0.2076221 0.2028156 -0.125531
0.3872709 -0.4970731 0.7785263 0.3605001 -0.1075915
0.01055029 0.4229723 5.928242e-05 0.2395923 0.2474108
0.6058447 -0.06950565 0.593919 0.1324212 -0.4064686
0.3197377 0.1096247 -0.07360058 0.1237883 0.1928985
0.1671338 0.1411307 0.45018 -0.1216979 0.1753193
0.3275438 0.3896862 -0.2424032 0.3550887 -0.1450319
0.2859074 0.1387329 -0.3239935 0.480033 0.0007279755
0.4881251 0.2045042 0.6864203 0.007867632 0.1290493
0.5784337 0.303666 0.1998498 0.3316975 0.2584532
-0.6964529 0.4188666 0.08337534 0.4067802 -0.578803
0.5072508 0.1894473 0.07841318 0.7817561 -0.7640718
0.7555328 -0.2328342 0.1333368 0.2789162 0.4601164
-0.08312989 1.32752 -0.3867682 0.4014972 0.5728648
0.0426666 0.7488096 0.03371199 1.417943 -1.269453
1.502984 -0.4851199 1.090814 -1.240669 0.9279195
-0.3762432 0.576544 0.5966009 0.2213342 -0.09970847
-0.07574649 0.4111083 -0.136635 -0.05332033 0.7827867
0.1817033 0.1025992 0.7176572 -0.03795189 -0.7196756
0.7418359 -0.2401431 0.7563757 -0.903578 0.3519375
0.1641536 0.5439509 0.05405507 0.7168509 -0.003142077
0.22557 1.067707 -0.4773593 0.1776527 -0.07072534
1.014407 -0.4017421 -0.1792238 0.3831264 -0.2550527
0.5585284 0.3454446 0.03094407 0.02181023 0.09456316
0.5801388 -0.1484264 0.4062914 0.303263 -0.1233715
0.382204 -0.109694 0.5817108 0.0707403 0.1958683
0.3968675 0.1902074 0.1284789 0.1265364 0.435655
0.3301075 -0.5527762 0.4696877 -0.3099108 0.2404571
-0.1312431 -0.1210848 -0.1833555 0.2200642 0.1487805
-0.2698516 0.5243804 0.3266772 0.2465738 0.3358339
-0.2320296 0.1213901 -0.2033527 0.003247798 0.3990844
-0.3952987 0.5540412 0.006701507 0.4500924 -0.5896645
0.6513588 -0.03424696 0.4550802 0.2580731 0.128499
-0.1872111 -0.1146962 0.3863934 0.002789612 0.2088222
0.4558394 -0.1848035 0.6967843 -0.4641227 0.4939469
0.04293703 0.5347878 -0.01765722 -0.03939899 0.1939313
0.03703498 0.2475298 -0.1685269 0.1833712 1.074246
-0.1019585 0.2363075 0.4159635 -0.0008920564 0.095778
0.4006488 -0.3327638 0.2275257 0.2119449 0.2294691
-0.02877183 0.4436621 0.7831186 0.32496 -0.4699309
0.2201343 0.5253926 0.03495505 0.1366801 0.3846379
0.2923716 0.01602056 -0.211422 -0.4644002 0.5524746
-0.1018283 0.122711 -0.1826074 -0.2793506 0.6090834
-0.05640891 0.1239645 0.2369177 -0.2824061 0.5937355
-0.2251199 0.3578052 -0.536619 0.6070306 -0.118312
0.2393466 -0.1604121 0.1037683 0.6783582 0.1376495
0.1054837 0.2609803 -0.171455 0.6899873 0.1927198
-0.1432034 0.08872143 0.2619555 0.2034906 0.208886
-0.1575376 0.3671406 0.2757816 0.1824922 0.09634703
-0.03378392 -0.2868506 0.4553468 0.293678 0.1277603
0.2749377 0.09106125 0.06468071 0.4610824 0.4949255
-0.01618172 0.7292734 -0.2556872 0.1300279 0.3430394
0.4275037 -0.1351639 0.371324 -0.1843294 1.065281
-0.3923573 0.04600671 0.1575947 0.298429 0.07788365
0.3170454 0.5225982 0.6899448 -0.1141752 0.1372214
0.1654019 0.1928086 0.6380839 0.02647483 -0.1529652
0.2086642 0.706919 -0.3646282 0.3317279 0.3056582
0.3678437 -0.04626121 0.3019615 0.06967399 -0.1295123
0.3621647 -0.2968337 0.3908696 0.1377665 0.1260495
0.2045715 0.6703207 0.1270316 0.0762818 0.3774612
-0.1969543 0.4168311 0.2051259 0.2672744 0.5545256
0.06293479 0.5124137 -0.009585767 0.2187968 0.1583779
-0.002424085 0.02635918 0.4906348 -0.07390073 0.2818716
0.1212242 0.3623515 0.05364411 0.3613317 0.2787473
0.9762222 0.1120866 -0.07871811 0.1911313 0.09785943
0.2398025 0.05904472 0.1012082 0.1074067 0.2583691
0.007853307 0.1973946 0.5438312 -0.09877541 -0.6387483
0.5844449 -0.2188332 0.0691989 0.1802717 0.1046309
0.3669557 0.2947103 0.1445723 0.216462 0.05649916
-0.1649494 0.4519476 0.670989 0.05111032 0.2055177
0.5052539 0.3108869 -0.1645387 0.5384314 -0.236101
0.1685201 0.1943293 0.4596102 -1.15616 0.5460995
0.09743346 0.4759094 0.6714437 -0.1110431 0.508416
0.1052874 0.04174154 -0.4512901 0.9552035 -0.04635227
0.2561975 0.3506084 -0.3244116 0.4821187 -0.358427
0.4565662 -0.1284745 0.2229192 0.3314659 0.1492796
-0.09252603 0.1935163 -0.0513486 0.2146755 0.1137811
-0.2303519 0.3076375 0.05311063 0.291102 0.3885421
-0.06886862 0.365039 -0.0236483 0.2306042 0.3384435
0.5122303 -0.04146673 0.501249 -0.084365 0.4063178
0.5802977 -0.1321983 0.09196681 0.4487721 -0.08180965
0.3233484 0.2448333 -0.09529792 0.1544056 0.2057666
0.3312013 0.2551517 0.1879548 0.1620274 -0.02897551
0.7369355 -0.333588 0.3006394 0.3495601 0.2915297
-0.06432493 0.2697399 0.2968549 -0.3137186 1.046543
-0.110807 0.4246727 0.3868712 1.025742 -0.4772158
0.9993102 -0.2094949 0.2727073 -0.09880494 -0.03830001
0.6484391 -0.2026873 0.8171858 -0.5859227 0.814812
-0.1913831 0.1012355 0.5252767 -0.1481855 0.3522267
0.1861009 0.3316722 -0.02160071 0.1372589 -0.4476765
0.4397441 0.5666163 -0.1899172 0.5426628 -0.04601759
0.2558327 -0.2666398 0.4368689 0.2945394 0.1410762
0.4582987 0.2353499 0.6475991 1.236512 -0.1838857
0.1702358 0.9680595 -0.2231855 0.9593106 -0.8919352
0.6652373 -0.115214 0.5940221 -0.491431 0.4323613
-0.04996394 0.4473962 0.1633827 0.3605702 0.1522706
0.2393716 0.4147216 0.08047191 0.1861878 -0.2273527
0.3791156 -0.08371522 -0.1397916 0.3221619 0.1084244
0.4807464 0.3834715 0.3399428 -0.3072021 0.2570949
0.03396894 0.08908879 0.3659556 -0.571872 0.1650032
0.2343021 0.1674731 0.3399569 0.1762011 0.1237145
0.6660299 -0.0435934 -0.3897024 0.1104217 0.2277753
0.1878749 0.2833599 0.1360452 0.2832108 0.1788175
0.2406288 -0.1120271 0.4290398 -0.02519609 0.03553906
0.4631178 -0.25123 0.3735411 -0.08309291 0.2754715
0.1705497 0.2469196 0.2172101 0.3274398 0.1535673
1.016441 -0.3392507 0.2620135 0.1735027 0.1219811
0.255437 0.05959615 0.7277777 -0.003144017 0.4499114
-0.2645645 0.5642554 -0.1087303 0.2678457 0.200807
0.2064609 0.08533724 0.2956215 0.5328045 -0.2165498
0.3402397 -0.7773456 0.5012579 -0.05149535 0.0602043
1.043495 -0.2556081 0.5832122 -0.06067693 0.1491799
0.4675766 -0.01707019 0.5375692 0.1848017 -0.2549149
0.4158691 0.216012 0.200196 -0.02426528 0.3249282
-0.04341161 0.1945038 0.232811 0.1898044 0.272232
-0.1232701 0.008972123 0.3199542 0.1842913 0.3439532
0.1396026 0.1766396 0.300358 0.1430149 0.1427173
0.09085216 0.2940906 0.1595859 0.09421482 0.08450591
0.3050613 0.1965226 0.1952964 0.1085909 0.1832591
0.009012147 0.3474967 -0.2304198 0.07385835 0.4051727
-0.05767639 0.1907282 0.2356093 0.1983649 0.1621452
0.3112207 0.0830313 -0.1711458 0.2722097 0.2761521
0.2474493 0.9513354 0.9900724 -1.071729 0.994554
-0.08438359 0.5262354 -0.141019 0.1736077 0.2841556
0.1033503 0.2007447 0.1584903 0.3868938 0.3242606
-0.1330463 0.1216054 0.1943933 0.1982338 0.1885986
0.179402 0.27586 0.004985318 -0.1189801 0.3978114
0.01078515 0.3459708 -0.01647196 0.326317 0.03955454
0.3548816 -0.1035886 0.3453357 0.09177896 0.2287528
0.08411216 -0.05881252 0.2653945 0.3343754 0.4398459
-0.02489242 0.2819744 0.2679219 -0.1023864 0.3339607
0.09918141 0.2250765 0.1191884 0.1973879 0.1173562
0.3023317 0.18995 0.1193764 0.209141 0.1880475
