0.2157089 -0.6477596 0.3496407 0.2772038 -0.74058
0.56162 0.7032391 0.5762217 0.1106046 -0.2369497
1.230613 -0.6477701 0.124131 0.6713548 -0.0404844
1.665979 -0.5179778 0.1474994 -0.1523553 -0.5642955
1.452793 0.2862601 -0.12632 -0.2470254 0.5830351
0.1409989 -0.1492948 0.08503411 0.7358803 0.8004048
-0.3916435 1.143049 -0.09736208 -0.2595381 1.128545
1.18275 -1.477635 0.7686759 -0.5796613 0.08779203
0.5381213 0.5896182 -0.9204755 0.979051 -0.9357963
0.2063143 0.2805666 -0.476624 1.067868 -0.6915093
0.4499154 0.7617526 0.3735644 -0.3495557 0.7039523
0.04827622 -0.4876974 0.3012543 0.4950527 -0.4114682
0.3449252 -0.0894962 0.3056117 0.2564361 0.6522173
0.5320103 0.3652374 -0.03758057 0.5401397 -0.7291447
0.8941038 -0.01613026 1.051781 -0.3659458 0.230186
0.5804381 -0.4047829 -0.02948432 0.0933182 0.35144
0.3314984 -0.09237866 0.628123 0.06266718 0.4468787
0.3681262 -0.1724156 1.152192 -0.007073358 -0.06844191
0.3603953 -0.1824258 -0.08682597 1.08762 -0.1598572
0.3660928 -0.2882218 0.2124163 0.5546364 -0.06018739
0.0925459 -0.9033479 0.8200803 0.02825301 -0.1144453
0.661209 0.1986932 -0.2101156 0.2278491 -0.3529158
0.4406366 0.3160482 -0.0176251 -0.4074142 1.191496
-0.5483564 0.6839606 -0.3760593 0.3313371 0.3481252
0.2575089 -0.062528 -0.1860681 0.4400694 0.05223215
0.4160252 0.3104256 0.2183535 -0.02010087 0.502356
0.5955485 -0.1843688 0.009601574 0.2963739 0.361415
0.2052609 0.4002312 -0.1715694 0.2854899 -0.1157714
0.4529744 0.5258646 0.4538537 -0.1664457 0.3532155
0.2451981 0.09432826 0.456374 -0.3896465 0.4885674
0.02023256 0.2046867 0.05769233 0.1780506 0.4499007
-0.0879813 0.2085119 0.1714315 0.2650177 0.2710617
0.9025214 -0.3651183 0.6408486 0.2807837 -0.4449172
0.7436954 -0.122089 0.3012531 -0.1944073 0.3234945
0.171018 0.242066 0.9739238 -0.4141315 0.2763838
0.03546924 0.483738 -0.02968273 0.5986557 -0.5173334
0.1965586 0.3553738 -0.1916797 0.4889961 0.008193417
0.3044338 0.05062587 0.02711712 0.3479468 0.1913852
0.6024059 -0.17443 0.4199737 0.1203293 0.1174576
0.06950418 -0.2496516 -0.2769322 0.4862113 0.1078544
0.3871113 0.01268449 0.2335262 -0.1872298 -0.3518144
0.7810898 0.2894606 -0.2025315 0.2688503 0.2145446
0.2252178 0.5915848 0.07729911 0.1822534 0.2648477
0.5717571 -0.09095467 0.2972611 0.3808093 0.5775825
-0.4453766 0.8547831 -0.1971271 0.1305212 0.3118563
0.2166196 0.02837395 0.1758163 -0.1437686 0.6086256
-0.06946102 0.5251731 -0.265223 0.4810988 -0.1147745
0.0912 0.2198397 0.2513244 -0.0972178 0.1129388
0.3324032 0.208137 0.1126094 -0.02147037 0.1771881
0.2813206 0.04580233 0.9763849 0.01496169 0.2062293
0.369159 -0.04154428 0.1350447 0.2393485 0.1152856
0.004909405 0.2965208 0.124762 0.2197514 0.4878524
-0.1056574 0.1664996 0.08411721 -0.09231809 0.4108347
0.1614073 0.3229888 0.2754782 0.05452033 -0.09299051
0.3981783 0.1899779 0.1174567 0.220817 0.2648073
0.1604347 0.05477993 0.1741019 0.2436025 0.1419307
0.1381487 0.2499942 0.1905887 0.6004045 -0.1041572
0.1738825 0.1435605 -0.1527103 0.4639568 -0.05582316
0.3680237 0.2062886 0.07062226 0.2704701 0.1621424
0.1933793 0.1931275 0.1898318 0.1070922 0.2668737
0.1986387 0.2966019 0.08101154 0.1446813 0.1384499
0.2210491 0.1789805 0.06399509 0.2702582 0.0676147
0.1550593 0.327698 0.212495 0.1223694 0.136251
0.2147466 0.3049873 0.9025828 -0.1450343 0.1497086
0.1841942 0.1403758 1.341776 0.1658946 -0.2952655
0.7747791 -0.3021073 1.257643 -0.6402235 0.7404504
-0.1130105 -0.5949181 0.5531299 0.6989902 -0.4132546
0.4087922 0.7400273 -0.5097244 1.000049 0.3577597
0.05772303 0.1433573 -0.1888378 0.5255115 0.3618908
-0.1677629 0.6405071 0.02942756 0.3743255 -0.1514696
-0.2517609 0.07779477 0.4060677 -0.7348642 1.016291
-0.2620854 0.3608708 0.05772803 0.7083929 -0.09713002
0.6597727 -0.9210026 0.8122978 -0.07126677 0.7702412
-0.6395649 0.2702915 0.7842305 -0.1365338 -0.004739692
-0.02433154 0.3552832 0.2622869 0.09356249 1.00673
-0.2493899 0.1695106 0.4443796 -0.2567248 0.451533
0.03553749 0.1454708 0.3313743 -0.09233349 0.6259542
-0.01339876 0.1197133 0.2572574 0.1117566 0.210565
0.1254632 0.2736468 0.3699483 0.1393967 0.05637496
0.2807533 0.03956965 0.1380072 0.3316493 0.1360766
0.149858 0.3266137 0.1292527 -0.4594039 0.5028861
0.04473111 0.4618566 0.06722025 0.1573353 0.2981692
0.07652451 0.1755067 0.06346516 -0.2542742 0.3699293
0.1091827 0.2253354 0.1417579 -0.1410513 1.068421
-0.2756105 0.2390589 0.1552099 0.1568938 0.1291964
0.3451923 0.1279066 0.3373411 -0.1974607 0.3186988
0.1705979 0.1984414 0.001689819 0.1970478 0.4053177
0.002118132 0.2146523 0.2624621 -0.06142828 0.1201732
0.3169957 0.2233802 -0.01679802 0.210469 0.3644615
0.06739122 0.2247486 0.1925035 0.275086 0.1009661
-0.01841427 0.3097193 0.008123418 0.2392453 0.1624545
0.09369639 -1.153136 0.8021397 0.2890171 -0.08378551
0.2401085 0.006851637 0.1548778 0.4578536 -0.1879326
0.7211832 -0.09954765 0.2266899 0.06450681 0.3943485
-0.145445 0.2658886 0.1097677 0.1895622 0.1821405
0.2431344 -0.0245613 0.01882963 0.4302048 0.4681769
-0.1986387 0.2188526 0.1882155 0.21137 0.2759555
0.02505713 -0.1308439 0.08804401 0.08423544 0.3371691
0.1682411 0.2467752 -0.1294947 0.08912286 0.1151193
-0.7660705 0.9513439 -0.9030788 0.5146157 0.04901476
0.5961366 0.5355968 0.03183829 -0.9504121 0.9436109
0.1207563 0.4816529 -0.2526062 0.1955207 0.1795894
-0.5203859 0.5362728 0.2384541 0.2051722 0.52289
-0.2995669 0.3303478 0.0004537109 0.8621768 0.284331
-0.1373058 0.1986471 -0.001358838 0.3722476 0.4116659
-0.365729 0.4898135 -0.1717892 0.2696689 -0.2067131
0.2127421 0.1763641 -0.1033966 0.56 -0.0893066
0.03084569 -0.2877519 0.05942353 0.2711749 0.1336693
-0.2880553 -0.3615328 1.665325 -1.207847 0.9447738
0.7553515 -0.06905892 -0.08402417 -0.5532502 1.167067
0.003583541 -0.08585604 0.155826 -0.3529908 0.2998628
0.5713319 0.5443154 -0.4121225 0.6383078 0.8780713
-0.8103013 1.532077 -0.6018554 -0.5203946 0.6958397
-0.0504611 0.391874 0.310952 0.4588589 0.05277708
0.03605044 0.2778596 0.4458095 -0.02970186 0.2373231
0.09314619 -0.2203929 0.1620012 0.1952971 0.007073733
0.2089438 -0.4468844 0.7747213 -0.3061097 0.3458776
0.2788558 0.5110442 -0.1878175 0.3738878 0.4867065
0.6287067 -0.3760329 0.2628088 0.2856185 0.05218493
-0.2676589 0.5517818 0.5918453 -0.03901375 -0.07666422
0.4986602 0.07628122 -0.01259015 0.4262612 0.4731079
0.1777033 -0.01132529 0.2225744 0.05953391 -0.2963911
0.2561554 0.3243658 0.1583692 0.3847417 -0.05866549
0.2929398 0.2266482 0.3023823 0.04377232 -0.00920169
0.3485629 0.1523146 0.2014343 0.1995407 0.215726
0.1718052 0.09117194 0.2816703 0.2924736 0.063504
0.4666027 1.044971 -0.2780163 0.4967272 -0.1251939
0.2085299 0.3474751 -0.1540165 0.30855 0.1132024
0.3423574 0.202405 0.1302202 0.4563032 -0.3183556
0.3816592 -0.2364995 0.4003072 0.4623045 -0.01506504
0.2152831 0.1053871 0.3936918 0.2541803 0.004330854
0.3473902 0.1082873 -0.1022511 0.3465581 0.3494783
0.6519857 -0.06496503 -1.233991 0.3451257 0.2153216
0.5980183 -0.1507526 0.4963312 0.06988809 0.08662667
0.1743674 0.2817715 -0.03621505 0.3398118 0.1171221
0.3030591 0.5184919 -0.07508892 -0.01764761 0.5741451
-0.05239948 0.250761 0.3008007 0.2668037 0.07183148
0.1767146 0.4918904 0.06835564 0.1866643 0.6126403
0.3367377 -0.07296585 0.6606987 -0.3151273 0.2578015
-0.1979565 0.4849389 -0.2315363 0.5829587 0.2245504
0.2074202 0.1189481 0.2852333 -0.09717226 0.1263927
0.3154907 0.1284243 0.3793034 0.1975848 0.1447853
0.1457428 0.146904 0.4150903 -0.03447505 0.5223816
0.3474127 -0.8132434 0.7582425 0.05447817 0.266842
-0.2850469 0.6089104 0.1363489 0.2053837 0.140495
0.1246208 0.1383978 0.1297679 0.3882129 0.161036
0.1160713 0.4674047 -0.4271115 0.4136158 0.1722184
-0.2678772 -0.002247532 0.4986084 0.3679998 -0.3503115
0.5661782 -0.08520431 0.3448795 -0.573263 0.5402791
0.2776015 -0.05440899 0.2721871 0.3766015 0.1309919
0.05947055 0.272625 0.4172516 0.008586857 0.2834047
-0.1367321 0.03256718 -0.1135306 0.4855662 -0.04817979
0.4168846 0.07393366 0.2379451 0.1910516 0.2442309
-0.2424291 0.2407453 0.2141633 0.1259909 -0.0005708629
0.5365603 -0.2679946 0.2642279 0.2999823 0.03944228
0.582455 -0.01944525 0.3612138 -0.3138753 0.8562726
-0.07428796 0.1078686 0.2402807 -0.09795704 0.5697777
0.3370795 0.4923457 -0.1062198 0.3137739 0.2763303
0.09073367 -0.1927313 0.5180466 0.1092955 -0.1189679
0.265386 0.4374469 0.8503197 -0.1357848 0.1619204
0.1169791 3.44131 -2.845806 1.474247 -0.4364084
0.8379254 -0.5591566 0.3039591 -0.93307 0.7433161
0.2285343 0.6655407 -1.022002 0.3253774 0.4485951
0.05498867 0.6772312 0.09589286 0.5683701 -0.7972195
0.5391399 -0.1119934 0.14651 0.3568564 -0.01706226
0.3639876 -0.5605602 0.6919641 -0.09330413 0.3671834
0.6100596 -0.1031914 0.167541 0.2691654 0.0984345
0.4969384 -0.583228 0.5855316 -0.1325241 0.4651798
0.4333474 -0.01099348 -0.1555937 -0.05692181 0.3721067
0.1533603 0.02834724 0.1805093 0.2576602 -0.9456648
0.9108278 -0.09726622 0.1459646 0.3195165 0.1619213
0.02790115 0.1366814 -0.5254832 0.741651 0.3138252
0.7651654 -0.04333636 -0.1419318 -0.1617679 -0.002996863
0.8068236 -0.09437569 -0.05316733 0.2715578 0.1628502
0.4228187 0.4448685 -0.1199026 0.2185778 0.596174
-0.2121018 0.3223658 -0.1896675 0.022524 0.4846412
-0.1291731 0.516647 -0.5936945 1.079095 -0.2432043
0.1416487 0.3780667 0.05684049 0.1333088 0.1844971
0.1999271 0.07943414 0.7374304 -0.2598955 0.259475
0.3001135 0.03708971 0.1310229 0.2775273 0.2190001
0.2083169 0.09791066 0.2596869 -0.203241 0.4154977
0.4339524 0.06838125 0.2332901 0.2763561 0.003966339
0.167945 0.2534732 0.07037138 0.3523632 0.1354928
0.09324368 0.2742387 -0.1017202 0.3859054 -0.02313236
0.43951 0.03476929 0.2521925 0.09108497 0.2640382
0.136754 0.2379043 0.2055146 0.1294775 0.172762
0.1511652 0.2389259 -0.05203466 0.1675371 0.1735417
0.2656191 0.01192652 0.05211326 -0.6299763 0.7556903
-0.01930248 0.2558982 -0.001038556 -0.06391561 0.8684756
-0.2064268 0.2587262 -0.2411596 0.3799038 0.3029222
-0.003720271 0.2973354 -0.00079815 0.6044948 -0.1318164
0.08630106 0.2764734 0.1072362 0.1679042 -0.06278217
0.5493681 0.1876298 0.0387431 0.4393423 -0.03794895
0.2407202 0.101299 0.5153904 -0.08425099 0.3271758
-0.01626324 0.2976862 -0.02259952 0.315487 -0.03886146
0.6491665 0.8686133 -0.5231744 0.5275135 -0.01665593
0.1247172 0.4235378 -0.003436501 0.1248639 0.1802769
0.1664534 0.2828336 -0.1425608 0.2394262 0.0911905
0.257327 0.1658113 0.08349089 0.348701 0.4936792
-0.1110174 0.4518495 -0.3434614 0.4287066 0.1253048
0.1593517 0.2559771 0.03559459 0.2844873 0.2723577
0.1446739 0.1914499 0.06473304 0.1317195 0.3775577
0.04624534 0.005038298 0.1899183 0.04593549 0.2192574
0.09019123 0.3166587 0.1376365 0.1161722 0.3428311
0.07795188 0.08994875 0.05363375 0.1603079 -0.3719082
0.3827051 0.2687766 0.04071833 0.295542 0.1355132
-0.1828207 0.5917246 -0.05335229 0.1752305 0.06940454
0.2719506 0.2927516 -0.1757222 0.2577461 -0.6262615
0.6244747 0.5811587 -0.4003489 0.4495245 0.1479271
-0.03329975 -0.03318519 0.3328549 0.3114183 0.1676457
-0.2421484 -0.08493704 0.3721771 0.1930874 -0.2111576
0.3676723 0.3144532 0.1323086 -0.1894996 0.5558687
0.7660297 -0.1813967 -0.1019433 0.107494 -0.3928924
0.9291175 -0.2212511 0.1843904 0.560145 -0.2180634
0.2009114 0.3104413 0.4986236 -0.1140405 0.3582141
0.2083139 -0.227669 0.2045887 0.219929 0.1326102
-0.5990979 0.03837991 0.3713928 -0.02218312 0.4409234
0.3704328 -0.3565137 0.5890778 -0.1058638 -0.07022525
-0.2340284 0.5551497 -0.1019183 0.2104194 -0.223755
0.4038031 0.06370829 -0.5531988 0.3753022 0.5576838
-0.4691962 -0.2398445 -0.05980513 0.2573249 0.397232
0.5357287 0.5546965 0.1834881 -0.7967691 0.2142932
0.8871776 0.07945102 0.1304767 -0.02764536 0.4386165
0.1866421 1.204103 -0.9556517 0.6962941 0.01310732
0.2059125 0.1206287 0.7385811 -0.9247585 0.4048957
0.2831406 0.4619833 -0.07902913 -0.2548115 -0.05587366
0.589307 -0.2031202 0.1416605 0.3621612 -1.489043
1.035232 0.4684218 -0.5576112 0.5989071 0.1428531
-0.08498704 0.4259845 -0.09549859 -0.2122633 0.5332266
-0.567637 0.5561034 -0.0597548 0.7778392 0.7209559
-0.3761952 0.6822195 0.08579137 0.1335648 0.3312683
-0.7164198 0.7934181 -0.2458975 0.6734145 -0.05943563
0.1906333 -0.1633124 0.1351969 -0.09786522 0.2426912
-0.02892453 0.40565 -0.4333743 0.7766948 0.491432
-0.2631408 -0.01165078 0.5086679 0.02901038 0.1954782
0.2913961 0.59126 -0.1107361 0.5101809 0.1700964
-0.5024139 0.373608 0.2478218 -0.1001585 0.161122
0.262412 0.1836653 0.1423435 0.4600105 -0.12679
0.1323622 0.405749 0.3852121 -0.2895013 0.3352047
-0.04988092 0.2680136 0.2150702 -0.3446406 0.5272773
0.108011 0.4304529 0.2320041 0.6138336 -0.02795296
0.0195908 0.6283679 0.2939823 0.09768962 0.3039725
0.2474364 -0.7368757 0.4609618 0.2861739 0.3585538
-0.5677791 0.505448 0.3578189 0.0009403912 0.790854
-0.7766894 0.67434 -0.03605924 0.02266087 0.3870303
0.4692537 -0.1225932 1.281839 -0.3946884 0.1610986
0.7017859 -0.03398678 0.6661324 0.03356163 1.293991
-1.313652 1.300213 -0.213707 0.8151388 -1.136177
0.8023925 -0.07410702 0.4338131 0.7115494 0.1005399
-0.2015262 -0.0644945 0.5004856 -0.08600639 -0.08616108
0.8804768 0.2031641 -0.04190573 0.72695 -0.05090638
-0.8354477 0.8587783 -0.05337716 0.6507447 -0.8366706
0.2853026 0.4222865 0.5071293 0.03752986 0.6404598
-0.00406924 0.1095537 1.114984 -0.5441996 0.006467283
0.09379402 1.036593 -0.3922763 -0.3429679 0.5532948
-0.1774439 0.5414743 0.4313571 -0.06939069 -0.005727534
0.1449056 0.6289096 -0.150639 0.3336513 0.3728865
-0.1839079 0.3757938 -0.04544298 0.5554307 0.1189512
0.1081152 0.4266623 0.1757768 0.07812889 0.1309066
0.4558924 0.33042 -0.6231014 0.4849183 -0.146437
0.2051384 -0.01201716 -0.1125509 -0.08443337 0.3213453
0.2388395 -0.2748997 0.5657086 0.4184144 0.1562593
0.2994198 -0.2557283 0.1135845 -0.0955903 0.04593949
0.5086996 -0.363762 0.5422273 0.1266508 0.3738031
-0.5626845 0.6399212 0.1269397 0.3576054 0.2964147
0.05943621 -0.200097 -0.07503144 0.4997308 0.06485708
0.1734423 0.5015694 -0.2069914 0.6575729 -0.4060438
0.4134917 0.1837644 0.4710354 -0.003990079 -0.1103231
0.2603868 0.0932743 0.2571957 -0.1349361 0.1931964
1.164859 -0.1581475 0.03910441 0.4855137 -0.02685985
0.05316641 0.4545608 -0.3239045 0.2106092 0.3382865
0.2194317 -0.036633 0.4492909 0.821881 0.2247742
-0.6249869 0.2307309 0.6864699 0.005874094 0.06496436
0.4270537 0.2934562 -0.03822271 -0.2254188 -0.3962422
0.6949209 0.03496254 0.05326228 -0.1068275 -0.2388862
0.7324811 0.03138141 0.0376653 0.3022882 -0.2696653
0.6143997 -0.1359044 0.2867469 -0.446644 0.614678
0.03259659 0.1578191 -0.08816661 0.1149162 0.7714145
0.1273163 -0.0105225 0.2800052 -0.1555382 0.6976868
0.2492419 -0.2661422 0.1101527 0.3509666 0.2241821
0.190916 -0.1622298 0.3860828 0.3501446 0.1339474
0.07613948 -0.02573278 -0.2496575 0.5424323 0.3940312
0.05630447 0.2542626 0.1011109 0.05059255 0.4945886
0.5090685 -0.1024723 0.6695206 -0.2406875 0.02727976
0.4570996 0.4331998 -0.1883258 0.3351887 -0.1166197
1.047484 -0.3583319 -0.1303927 0.3103082 0.3366003
0.07905495 0.2985454 0.5429673 0.6385452 -0.2284866
0.03488799 0.2439368 0.2078915 0.645327 -0.003282792
-0.2523299 0.2717433 0.7913505 -0.4035306 0.2419717
0.4331892 0.3263925 -0.08618371 0.274517 0.1206015
-0.1492081 0.4134129 -0.2301298 0.3813619 0.2444788
0.08059238 0.2221146 0.6865103 0.09247742 -0.03711578
0.4012243 -0.1815345 0.3970959 0.2857737 0.211322
0.5469977 0.02044186 0.4324523 0.0006536979 0.1533338
0.2059151 -0.007270004 0.04689516 0.5496326 -0.05339152
0.2260751 0.1803438 0.3451689 0.05951312 0.328822
0.3016957 0.9304471 0.03932269 -0.2664729 0.228326
0.164044 0.2461661 0.07866215 0.09790083 0.1456938
0.2862018 0.02381662 0.1930642 0.5892364 -0.1237426
-0.7077526 0.7107138 -0.04159293 -0.0005507541 0.2889509
0.1352563 0.3757871 0.3048159 0.09476263 0.194322
0.06617865 -0.1628813 0.5089168 0.7423951 -0.04431251
0.09716718 0.5394433 0.2872419 -0.249927 0.5331438
-0.1722046 0.1113777 0.3007819 0.4656432 -1.176922
0.569136 0.4047057 0.39569 0.6769264 -0.2126875
0.4111356 0.158685 -0.03058943 -0.4215434 1.035477
0.06101758 0.08459937 0.4050929 -0.3516152 0.4774243
-0.2518739 0.4217872 -0.0114627 0.1789306 0.408231
0.1324077 -0.1245883 0.2224949 0.0177778 0.2301542
0.1717449 -0.231715 0.3545497 0.14879 0.2719115
0.4164228 -0.1066169 0.3341168 0.0285223 0.2022319
0.3890076 0.493721 -0.09885539 0.4384616 -0.04793286
0.3488427 0.6347431 -0.2108587 0.01761813 0.5352339
-0.07467322 0.2784174 0.3034225 -0.1316176 0.1600516
0.2786267 0.3397001 0.2427095 0.1495839 0.1466505
-0.02654626 0.7596886 -0.3161018 0.2014323 0.4715936
0.2546877 -0.1100649 0.2621318 0.3547588 -0.3407111
1.055429 -0.04327421 0.2352081 0.4462283 0.9574617
-0.5808788 0.8400016 -0.09896394 0.1009816 -0.006253805
-0.03963556 0.7356082 -0.1768781 0.7321343 -0.5315599
0.7134041 -0.04209833 -0.02675127 0.6257985 -0.1484498
0.2929229 0.2589705 0.2929341 -0.02978641 0.1167562
-0.3930397 0.4953528 0.7079663 -0.2759946 0.4763148
0.02419582 0.1854022 -0.2134101 0.4515593 0.3911441
0.07412217 0.4368978 0.2304329 0.5802378 1.198044
-0.3647038 -0.06154398 1.063092 -0.2694498 0.7974757
-0.8424237 0.548672 0.1190516 0.4987026 -0.4437603
0.3787771 0.1014055 0.4046503 0.2058979 0.3000288
0.1481063 0.2006185 0.4217104 0.0539914 0.13874
-0.2005226 0.4082101 0.006293086 -0.1684103 0.4116284
0.1810488 0.4547469 0.385384 0.2568014 -0.364894
0.253456 0.1517637 0.08315471 0.4116865 -0.5595687
0.1720978 0.4234219 0.1711907 0.3313772 0.1724267
0.08822978 0.6751927 -0.05836497 -0.4918028 0.2059646
0.3757649 0.2054466 0.2749384 0.1308865 0.2645414
0.1864646 0.2191188 -0.1126532 0.4373425 0.0333761
-0.00880878 0.5270482 -0.2315184 0.3362578 0.01313759
0.2489846 0.2324378 0.2278603 0.2188393 0.3124913
0.138367 0.9872356 -0.3848124 0.09454296 0.2991076
0.1057877 0.2645789 0.07227645 0.7218141 -0.006144249
0.33165 -0.2345275 0.5314525 -0.02173937 0.1962396
0.2695405 0.1872168 0.0819325 0.2991514 0.5527649
-0.2651184 0.2835329 -0.6887917 0.528737 0.1655004
-9.147428e-05 1.11339 -0.2798747 0.4042633 0.02297173
0.06955424 0.5327937 -0.02507041 0.4842111 0.2133985
-0.340167 0.4471756 0.3109606 0.1436382 -0.03120271
0.3372126 0.0004008255 0.1771914 0.2903766 0.1864266
0.2624277 -0.1286777 0.009443264 0.4093989 0.2207175
0.3132732 0.1313709 0.1426684 0.314331 0.139515
0.1191507 0.1057985 0.3128926 0.1775701 0.07100882
0.09854425 0.3361962 0.2154182 0.1671821 0.1070116
0.1877903 0.02959466 0.361805 -0.1966069 0.06299471
0.5168255 -0.0432028 0.1546576 0.296926 0.195747
0.1508818 0.3117483 0.08226066 -0.1940661 0.3227273
0.3600561 0.2222914 0.9284504 0.9283135 -1.312669
0.8828287 0.1725262 0.3479935 -0.09580236 0.1132542
0.3671278 0.1015758 0.1838564 0.1795056 0.3872232
0.3199098 -0.1902154 0.1101718 0.2786335 0.2152634
0.1875047 0.1779778 0.2775871 0.002140879 -0.1280266
0.4643078 0.07317289 0.3075337 0.01742048 0.3023385
0.08152549 0.3321187 -0.07750392 0.3249002 0.153977
0.1976682 0.1059916 -0.06135757 0.3082944 0.3912838
0.4129285 -0.07652175 0.2354338 0.3152982 -0.1300799
0.3347546 0.1618421 0.1962913 0.1395603 0.1939495
0.1346262 0.3060081 0.2009535 0.09221386 0.2143292
0.2046405
